service_id,date,exception_type
28040254,20191201,1
28040254,20191208,1
28040254,20200216,1
28040254,20201101,1
28040254,20201005,1
28040254,20211101,1
28040254,20200225,1
28040254,20201201,1
28040254,20201208,1
28040254,20210216,1
28040254,20211005,1
28040254,20191225,1
28040254,20200101,1
28040254,20200603,1
28040254,20200610,1
28040254,20211201,1
28040254,20211208,1
28040254,20200402,1
28040254,20200611,1
28040254,20210603,1
28040254,20210610,1
28040254,20191101,1
28040254,20200501,1
28040254,20201225,1
28040254,20191005,1
28040254,20200404,1
28040254,20200425,1
28040254,20200613,1
28040254,20210501,1
28040255,20191201,1
28040255,20191208,1
28040255,20200216,1
28040255,20201101,1
28040255,20201005,1
28040255,20211101,1
28040255,20200225,1
28040255,20201201,1
28040255,20201208,1
28040255,20210216,1
28040255,20211005,1
28040255,20191225,1
28040255,20200101,1
28040255,20200603,1
28040255,20200610,1
28040255,20211201,1
28040255,20211208,1
28040255,20200402,1
28040255,20200611,1
28040255,20210603,1
28040255,20210610,1
28040255,20191101,1
28040255,20200501,1
28040255,20201225,1
28040255,20191005,1
28040255,20200404,1
28040255,20200425,1
28040255,20200613,1
28040255,20210501,1
28040256,20191201,1
28040256,20191208,1
28040256,20200216,1
28040256,20201101,1
28040256,20201005,1
28040256,20211101,1
28040256,20200225,1
28040256,20201201,1
28040256,20201208,1
28040256,20210216,1
28040256,20211005,1
28040256,20191225,1
28040256,20200101,1
28040256,20200603,1
28040256,20200610,1
28040256,20211201,1
28040256,20211208,1
28040256,20200402,1
28040256,20200611,1
28040256,20210603,1
28040256,20210610,1
28040256,20191101,1
28040256,20200501,1
28040256,20201225,1
28040256,20191005,1
28040256,20200404,1
28040256,20200425,1
28040256,20200613,1
28040256,20210501,1
28040257,20191201,1
28040257,20191208,1
28040257,20200216,1
28040257,20201101,1
28040257,20201005,1
28040257,20211101,1
28040257,20200225,1
28040257,20201201,1
28040257,20201208,1
28040257,20210216,1
28040257,20211005,1
28040257,20191225,1
28040257,20200101,1
28040257,20200603,1
28040257,20200610,1
28040257,20211201,1
28040257,20211208,1
28040257,20200402,1
28040257,20200611,1
28040257,20210603,1
28040257,20210610,1
28040257,20191101,1
28040257,20200501,1
28040257,20201225,1
28040257,20191005,1
28040257,20200404,1
28040257,20200425,1
28040257,20200613,1
28040257,20210501,1
28040258,20191201,1
28040258,20191208,1
28040258,20200216,1
28040258,20201101,1
28040258,20201005,1
28040258,20211101,1
28040258,20200225,1
28040258,20201201,1
28040258,20201208,1
28040258,20210216,1
28040258,20211005,1
28040258,20191225,1
28040258,20200101,1
28040258,20200603,1
28040258,20200610,1
28040258,20211201,1
28040258,20211208,1
28040258,20200402,1
28040258,20200611,1
28040258,20210603,1
28040258,20210610,1
28040258,20191101,1
28040258,20200501,1
28040258,20201225,1
28040258,20191005,1
28040258,20200404,1
28040258,20200425,1
28040258,20200613,1
28040258,20210501,1
28040259,20191201,1
28040259,20191208,1
28040259,20200216,1
28040259,20201101,1
28040259,20201005,1
28040259,20211101,1
28040259,20200225,1
28040259,20201201,1
28040259,20201208,1
28040259,20210216,1
28040259,20211005,1
28040259,20191225,1
28040259,20200101,1
28040259,20200603,1
28040259,20200610,1
28040259,20211201,1
28040259,20211208,1
28040259,20200402,1
28040259,20200611,1
28040259,20210603,1
28040259,20210610,1
28040259,20191101,1
28040259,20200501,1
28040259,20201225,1
28040259,20191005,1
28040259,20200404,1
28040259,20200425,1
28040259,20200613,1
28040259,20210501,1
28040260,20191201,1
28040260,20191208,1
28040260,20200216,1
28040260,20201101,1
28040260,20201005,1
28040260,20211101,1
28040260,20200225,1
28040260,20201201,1
28040260,20201208,1
28040260,20210216,1
28040260,20211005,1
28040260,20191225,1
28040260,20200101,1
28040260,20200603,1
28040260,20200610,1
28040260,20211201,1
28040260,20211208,1
28040260,20200402,1
28040260,20200611,1
28040260,20210603,1
28040260,20210610,1
28040260,20191101,1
28040260,20200501,1
28040260,20201225,1
28040260,20191005,1
28040260,20200404,1
28040260,20200425,1
28040260,20200613,1
28040260,20210501,1
28040280,20191201,1
28040280,20191208,1
28040280,20200216,1
28040280,20201101,1
28040280,20201005,1
28040280,20211101,1
28040280,20200225,1
28040280,20201201,1
28040280,20201208,1
28040280,20210216,1
28040280,20211005,1
28040280,20191225,1
28040280,20200101,1
28040280,20200603,1
28040280,20200610,1
28040280,20211201,1
28040280,20211208,1
28040280,20200402,1
28040280,20200611,1
28040280,20210603,1
28040280,20210610,1
28040280,20191101,1
28040280,20200501,1
28040280,20201225,1
28040280,20191005,1
28040280,20200404,1
28040280,20200425,1
28040280,20200613,1
28040280,20210501,1
28040281,20191201,1
28040281,20191208,1
28040281,20200216,1
28040281,20201101,1
28040281,20201005,1
28040281,20211101,1
28040281,20200225,1
28040281,20201201,1
28040281,20201208,1
28040281,20210216,1
28040281,20211005,1
28040281,20191225,1
28040281,20200101,1
28040281,20200603,1
28040281,20200610,1
28040281,20211201,1
28040281,20211208,1
28040281,20200402,1
28040281,20200611,1
28040281,20210603,1
28040281,20210610,1
28040281,20191101,1
28040281,20200501,1
28040281,20201225,1
28040281,20191005,1
28040281,20200404,1
28040281,20200425,1
28040281,20200613,1
28040281,20210501,1
28040282,20191201,1
28040282,20191208,1
28040282,20200216,1
28040282,20201101,1
28040282,20201005,1
28040282,20211101,1
28040282,20200225,1
28040282,20201201,1
28040282,20201208,1
28040282,20210216,1
28040282,20211005,1
28040282,20191225,1
28040282,20200101,1
28040282,20200603,1
28040282,20200610,1
28040282,20211201,1
28040282,20211208,1
28040282,20200402,1
28040282,20200611,1
28040282,20210603,1
28040282,20210610,1
28040282,20191101,1
28040282,20200501,1
28040282,20201225,1
28040282,20191005,1
28040282,20200404,1
28040282,20200425,1
28040282,20200613,1
28040282,20210501,1
28040283,20191201,1
28040283,20191208,1
28040283,20200216,1
28040283,20201101,1
28040283,20201005,1
28040283,20211101,1
28040283,20200225,1
28040283,20201201,1
28040283,20201208,1
28040283,20210216,1
28040283,20211005,1
28040283,20191225,1
28040283,20200101,1
28040283,20200603,1
28040283,20200610,1
28040283,20211201,1
28040283,20211208,1
28040283,20200402,1
28040283,20200611,1
28040283,20210603,1
28040283,20210610,1
28040283,20191101,1
28040283,20200501,1
28040283,20201225,1
28040283,20191005,1
28040283,20200404,1
28040283,20200425,1
28040283,20200613,1
28040283,20210501,1
28040284,20191201,1
28040284,20191208,1
28040284,20200216,1
28040284,20201101,1
28040284,20201005,1
28040284,20211101,1
28040284,20200225,1
28040284,20201201,1
28040284,20201208,1
28040284,20210216,1
28040284,20211005,1
28040284,20191225,1
28040284,20200101,1
28040284,20200603,1
28040284,20200610,1
28040284,20211201,1
28040284,20211208,1
28040284,20200402,1
28040284,20200611,1
28040284,20210603,1
28040284,20210610,1
28040284,20191101,1
28040284,20200501,1
28040284,20201225,1
28040284,20191005,1
28040284,20200404,1
28040284,20200425,1
28040284,20200613,1
28040284,20210501,1
28040285,20191201,1
28040285,20191208,1
28040285,20200216,1
28040285,20201101,1
28040285,20201005,1
28040285,20211101,1
28040285,20200225,1
28040285,20201201,1
28040285,20201208,1
28040285,20210216,1
28040285,20211005,1
28040285,20191225,1
28040285,20200101,1
28040285,20200603,1
28040285,20200610,1
28040285,20211201,1
28040285,20211208,1
28040285,20200402,1
28040285,20200611,1
28040285,20210603,1
28040285,20210610,1
28040285,20191101,1
28040285,20200501,1
28040285,20201225,1
28040285,20191005,1
28040285,20200404,1
28040285,20200425,1
28040285,20200613,1
28040285,20210501,1
28040286,20191201,1
28040286,20191208,1
28040286,20200216,1
28040286,20201101,1
28040286,20201005,1
28040286,20211101,1
28040286,20200225,1
28040286,20201201,1
28040286,20201208,1
28040286,20210216,1
28040286,20211005,1
28040286,20191225,1
28040286,20200101,1
28040286,20200603,1
28040286,20200610,1
28040286,20211201,1
28040286,20211208,1
28040286,20200402,1
28040286,20200611,1
28040286,20210603,1
28040286,20210610,1
28040286,20191101,1
28040286,20200501,1
28040286,20201225,1
28040286,20191005,1
28040286,20200404,1
28040286,20200425,1
28040286,20200613,1
28040286,20210501,1
28040306,20191201,1
28040306,20191208,1
28040306,20200216,1
28040306,20201101,1
28040306,20201005,1
28040306,20211101,1
28040306,20200225,1
28040306,20201201,1
28040306,20201208,1
28040306,20210216,1
28040306,20211005,1
28040306,20191225,1
28040306,20200101,1
28040306,20200603,1
28040306,20200610,1
28040306,20211201,1
28040306,20211208,1
28040306,20200402,1
28040306,20200611,1
28040306,20210603,1
28040306,20210610,1
28040306,20191101,1
28040306,20200501,1
28040306,20201225,1
28040306,20191005,1
28040306,20200404,1
28040306,20200425,1
28040306,20200613,1
28040306,20210501,1
28040308,20191201,1
28040308,20191208,1
28040308,20200216,1
28040308,20201101,1
28040308,20201005,1
28040308,20211101,1
28040308,20200225,1
28040308,20201201,1
28040308,20201208,1
28040308,20210216,1
28040308,20211005,1
28040308,20191225,1
28040308,20200101,1
28040308,20200603,1
28040308,20200610,1
28040308,20211201,1
28040308,20211208,1
28040308,20200402,1
28040308,20200611,1
28040308,20210603,1
28040308,20210610,1
28040308,20191101,1
28040308,20200501,1
28040308,20201225,1
28040308,20191005,1
28040308,20200404,1
28040308,20200425,1
28040308,20200613,1
28040308,20210501,1
28040310,20191201,1
28040310,20191208,1
28040310,20200216,1
28040310,20201101,1
28040310,20201005,1
28040310,20211101,1
28040310,20200225,1
28040310,20201201,1
28040310,20201208,1
28040310,20210216,1
28040310,20211005,1
28040310,20191225,1
28040310,20200101,1
28040310,20200603,1
28040310,20200610,1
28040310,20211201,1
28040310,20211208,1
28040310,20200402,1
28040310,20200611,1
28040310,20210603,1
28040310,20210610,1
28040310,20191101,1
28040310,20200501,1
28040310,20201225,1
28040310,20191005,1
28040310,20200404,1
28040310,20200425,1
28040310,20200613,1
28040310,20210501,1
28040312,20191201,1
28040312,20191208,1
28040312,20200216,1
28040312,20201101,1
28040312,20201005,1
28040312,20211101,1
28040312,20200225,1
28040312,20201201,1
28040312,20201208,1
28040312,20210216,1
28040312,20211005,1
28040312,20191225,1
28040312,20200101,1
28040312,20200603,1
28040312,20200610,1
28040312,20211201,1
28040312,20211208,1
28040312,20200402,1
28040312,20200611,1
28040312,20210603,1
28040312,20210610,1
28040312,20191101,1
28040312,20200501,1
28040312,20201225,1
28040312,20191005,1
28040312,20200404,1
28040312,20200425,1
28040312,20200613,1
28040312,20210501,1
28040311,20191201,1
28040311,20191208,1
28040311,20200216,1
28040311,20201101,1
28040311,20201005,1
28040311,20211101,1
28040311,20200225,1
28040311,20201201,1
28040311,20201208,1
28040311,20210216,1
28040311,20211005,1
28040311,20191225,1
28040311,20200101,1
28040311,20200603,1
28040311,20200610,1
28040311,20211201,1
28040311,20211208,1
28040311,20200402,1
28040311,20200611,1
28040311,20210603,1
28040311,20210610,1
28040311,20191101,1
28040311,20200501,1
28040311,20201225,1
28040311,20191005,1
28040311,20200404,1
28040311,20200425,1
28040311,20200613,1
28040311,20210501,1
28040309,20191201,1
28040309,20191208,1
28040309,20200216,1
28040309,20201101,1
28040309,20201005,1
28040309,20211101,1
28040309,20200225,1
28040309,20201201,1
28040309,20201208,1
28040309,20210216,1
28040309,20211005,1
28040309,20191225,1
28040309,20200101,1
28040309,20200603,1
28040309,20200610,1
28040309,20211201,1
28040309,20211208,1
28040309,20200402,1
28040309,20200611,1
28040309,20210603,1
28040309,20210610,1
28040309,20191101,1
28040309,20200501,1
28040309,20201225,1
28040309,20191005,1
28040309,20200404,1
28040309,20200425,1
28040309,20200613,1
28040309,20210501,1
28040307,20191201,1
28040307,20191208,1
28040307,20200216,1
28040307,20201101,1
28040307,20201005,1
28040307,20211101,1
28040307,20200225,1
28040307,20201201,1
28040307,20201208,1
28040307,20210216,1
28040307,20211005,1
28040307,20191225,1
28040307,20200101,1
28040307,20200603,1
28040307,20200610,1
28040307,20211201,1
28040307,20211208,1
28040307,20200402,1
28040307,20200611,1
28040307,20210603,1
28040307,20210610,1
28040307,20191101,1
28040307,20200501,1
28040307,20201225,1
28040307,20191005,1
28040307,20200404,1
28040307,20200425,1
28040307,20200613,1
28040307,20210501,1
28040331,20191201,1
28040331,20191208,1
28040331,20200216,1
28040331,20201101,1
28040331,20201005,1
28040331,20211101,1
28040331,20200225,1
28040331,20201201,1
28040331,20201208,1
28040331,20210216,1
28040331,20211005,1
28040331,20191225,1
28040331,20200101,1
28040331,20200603,1
28040331,20200610,1
28040331,20211201,1
28040331,20211208,1
28040331,20200402,1
28040331,20200611,1
28040331,20210603,1
28040331,20210610,1
28040331,20191101,1
28040331,20200501,1
28040331,20201225,1
28040331,20191005,1
28040331,20200404,1
28040331,20200425,1
28040331,20200613,1
28040331,20210501,1
28040332,20191201,1
28040332,20191208,1
28040332,20200216,1
28040332,20201101,1
28040332,20201005,1
28040332,20211101,1
28040332,20200225,1
28040332,20201201,1
28040332,20201208,1
28040332,20210216,1
28040332,20211005,1
28040332,20191225,1
28040332,20200101,1
28040332,20200603,1
28040332,20200610,1
28040332,20211201,1
28040332,20211208,1
28040332,20200402,1
28040332,20200611,1
28040332,20210603,1
28040332,20210610,1
28040332,20191101,1
28040332,20200501,1
28040332,20201225,1
28040332,20191005,1
28040332,20200404,1
28040332,20200425,1
28040332,20200613,1
28040332,20210501,1
28040340,20191201,1
28040340,20191208,1
28040340,20200216,1
28040340,20201101,1
28040340,20201005,1
28040340,20211101,1
28040340,20200225,1
28040340,20201201,1
28040340,20201208,1
28040340,20210216,1
28040340,20211005,1
28040340,20191225,1
28040340,20200101,1
28040340,20200603,1
28040340,20200610,1
28040340,20211201,1
28040340,20211208,1
28040340,20200402,1
28040340,20200611,1
28040340,20210603,1
28040340,20210610,1
28040340,20191101,1
28040340,20200501,1
28040340,20201225,1
28040340,20191005,1
28040340,20200404,1
28040340,20200425,1
28040340,20200613,1
28040340,20210501,1
28040341,20191201,1
28040341,20191208,1
28040341,20200216,1
28040341,20201101,1
28040341,20201005,1
28040341,20211101,1
28040341,20200225,1
28040341,20201201,1
28040341,20201208,1
28040341,20210216,1
28040341,20211005,1
28040341,20191225,1
28040341,20200101,1
28040341,20200603,1
28040341,20200610,1
28040341,20211201,1
28040341,20211208,1
28040341,20200402,1
28040341,20200611,1
28040341,20210603,1
28040341,20210610,1
28040341,20191101,1
28040341,20200501,1
28040341,20201225,1
28040341,20191005,1
28040341,20200404,1
28040341,20200425,1
28040341,20200613,1
28040341,20210501,1
28040342,20191201,1
28040342,20191208,1
28040342,20200216,1
28040342,20201101,1
28040342,20201005,1
28040342,20211101,1
28040342,20200225,1
28040342,20201201,1
28040342,20201208,1
28040342,20210216,1
28040342,20211005,1
28040342,20191225,1
28040342,20200101,1
28040342,20200603,1
28040342,20200610,1
28040342,20211201,1
28040342,20211208,1
28040342,20200402,1
28040342,20200611,1
28040342,20210603,1
28040342,20210610,1
28040342,20191101,1
28040342,20200501,1
28040342,20201225,1
28040342,20191005,1
28040342,20200404,1
28040342,20200425,1
28040342,20200613,1
28040342,20210501,1
28040343,20191201,1
28040343,20191208,1
28040343,20200216,1
28040343,20201101,1
28040343,20201005,1
28040343,20211101,1
28040343,20200225,1
28040343,20201201,1
28040343,20201208,1
28040343,20210216,1
28040343,20211005,1
28040343,20191225,1
28040343,20200101,1
28040343,20200603,1
28040343,20200610,1
28040343,20211201,1
28040343,20211208,1
28040343,20200402,1
28040343,20200611,1
28040343,20210603,1
28040343,20210610,1
28040343,20191101,1
28040343,20200501,1
28040343,20201225,1
28040343,20191005,1
28040343,20200404,1
28040343,20200425,1
28040343,20200613,1
28040343,20210501,1
28040344,20191201,1
28040344,20191208,1
28040344,20200216,1
28040344,20201101,1
28040344,20201005,1
28040344,20211101,1
28040344,20200225,1
28040344,20201201,1
28040344,20201208,1
28040344,20210216,1
28040344,20211005,1
28040344,20191225,1
28040344,20200101,1
28040344,20200603,1
28040344,20200610,1
28040344,20211201,1
28040344,20211208,1
28040344,20200402,1
28040344,20200611,1
28040344,20210603,1
28040344,20210610,1
28040344,20191101,1
28040344,20200501,1
28040344,20201225,1
28040344,20191005,1
28040344,20200404,1
28040344,20200425,1
28040344,20200613,1
28040344,20210501,1
28040345,20191201,1
28040345,20191208,1
28040345,20200216,1
28040345,20201101,1
28040345,20201005,1
28040345,20211101,1
28040345,20200225,1
28040345,20201201,1
28040345,20201208,1
28040345,20210216,1
28040345,20211005,1
28040345,20191225,1
28040345,20200101,1
28040345,20200603,1
28040345,20200610,1
28040345,20211201,1
28040345,20211208,1
28040345,20200402,1
28040345,20200611,1
28040345,20210603,1
28040345,20210610,1
28040345,20191101,1
28040345,20200501,1
28040345,20201225,1
28040345,20191005,1
28040345,20200404,1
28040345,20200425,1
28040345,20200613,1
28040345,20210501,1
28040361,20191201,1
28040361,20191208,1
28040361,20200216,1
28040361,20201101,1
28040361,20201005,1
28040361,20211101,1
28040361,20200225,1
28040361,20201201,1
28040361,20201208,1
28040361,20210216,1
28040361,20211005,1
28040361,20191225,1
28040361,20200101,1
28040361,20200603,1
28040361,20200610,1
28040361,20211201,1
28040361,20211208,1
28040361,20200402,1
28040361,20200611,1
28040361,20210603,1
28040361,20210610,1
28040361,20191101,1
28040361,20200501,1
28040361,20201225,1
28040361,20191005,1
28040361,20200404,1
28040361,20200425,1
28040361,20200613,1
28040361,20210501,1
28040362,20191201,1
28040362,20191208,1
28040362,20200216,1
28040362,20201101,1
28040362,20201005,1
28040362,20211101,1
28040362,20200225,1
28040362,20201201,1
28040362,20201208,1
28040362,20210216,1
28040362,20211005,1
28040362,20191225,1
28040362,20200101,1
28040362,20200603,1
28040362,20200610,1
28040362,20211201,1
28040362,20211208,1
28040362,20200402,1
28040362,20200611,1
28040362,20210603,1
28040362,20210610,1
28040362,20191101,1
28040362,20200501,1
28040362,20201225,1
28040362,20191005,1
28040362,20200404,1
28040362,20200425,1
28040362,20200613,1
28040362,20210501,1
28040363,20191201,1
28040363,20191208,1
28040363,20200216,1
28040363,20201101,1
28040363,20201005,1
28040363,20211101,1
28040363,20200225,1
28040363,20201201,1
28040363,20201208,1
28040363,20210216,1
28040363,20211005,1
28040363,20191225,1
28040363,20200101,1
28040363,20200603,1
28040363,20200610,1
28040363,20211201,1
28040363,20211208,1
28040363,20200402,1
28040363,20200611,1
28040363,20210603,1
28040363,20210610,1
28040363,20191101,1
28040363,20200501,1
28040363,20201225,1
28040363,20191005,1
28040363,20200404,1
28040363,20200425,1
28040363,20200613,1
28040363,20210501,1
28040364,20191201,1
28040364,20191208,1
28040364,20200216,1
28040364,20201101,1
28040364,20201005,1
28040364,20211101,1
28040364,20200225,1
28040364,20201201,1
28040364,20201208,1
28040364,20210216,1
28040364,20211005,1
28040364,20191225,1
28040364,20200101,1
28040364,20200603,1
28040364,20200610,1
28040364,20211201,1
28040364,20211208,1
28040364,20200402,1
28040364,20200611,1
28040364,20210603,1
28040364,20210610,1
28040364,20191101,1
28040364,20200501,1
28040364,20201225,1
28040364,20191005,1
28040364,20200404,1
28040364,20200425,1
28040364,20200613,1
28040364,20210501,1
28040365,20191201,1
28040365,20191208,1
28040365,20200216,1
28040365,20201101,1
28040365,20201005,1
28040365,20211101,1
28040365,20200225,1
28040365,20201201,1
28040365,20201208,1
28040365,20210216,1
28040365,20211005,1
28040365,20191225,1
28040365,20200101,1
28040365,20200603,1
28040365,20200610,1
28040365,20211201,1
28040365,20211208,1
28040365,20200402,1
28040365,20200611,1
28040365,20210603,1
28040365,20210610,1
28040365,20191101,1
28040365,20200501,1
28040365,20201225,1
28040365,20191005,1
28040365,20200404,1
28040365,20200425,1
28040365,20200613,1
28040365,20210501,1
28040366,20191201,1
28040366,20191208,1
28040366,20200216,1
28040366,20201101,1
28040366,20201005,1
28040366,20211101,1
28040366,20200225,1
28040366,20201201,1
28040366,20201208,1
28040366,20210216,1
28040366,20211005,1
28040366,20191225,1
28040366,20200101,1
28040366,20200603,1
28040366,20200610,1
28040366,20211201,1
28040366,20211208,1
28040366,20200402,1
28040366,20200611,1
28040366,20210603,1
28040366,20210610,1
28040366,20191101,1
28040366,20200501,1
28040366,20201225,1
28040366,20191005,1
28040366,20200404,1
28040366,20200425,1
28040366,20200613,1
28040366,20210501,1
28040383,20191201,1
28040383,20191208,1
28040383,20200216,1
28040383,20201101,1
28040383,20201005,1
28040383,20211101,1
28040383,20200225,1
28040383,20201201,1
28040383,20201208,1
28040383,20210216,1
28040383,20211005,1
28040383,20191225,1
28040383,20200101,1
28040383,20200603,1
28040383,20200610,1
28040383,20211201,1
28040383,20211208,1
28040383,20200402,1
28040383,20200611,1
28040383,20210603,1
28040383,20210610,1
28040383,20191101,1
28040383,20200501,1
28040383,20201225,1
28040383,20191005,1
28040383,20200404,1
28040383,20200425,1
28040383,20200613,1
28040383,20210501,1
28040384,20191201,1
28040384,20191208,1
28040384,20200216,1
28040384,20201101,1
28040384,20201005,1
28040384,20211101,1
28040384,20200225,1
28040384,20201201,1
28040384,20201208,1
28040384,20210216,1
28040384,20211005,1
28040384,20191225,1
28040384,20200101,1
28040384,20200603,1
28040384,20200610,1
28040384,20211201,1
28040384,20211208,1
28040384,20200402,1
28040384,20200611,1
28040384,20210603,1
28040384,20210610,1
28040384,20191101,1
28040384,20200501,1
28040384,20201225,1
28040384,20191005,1
28040384,20200404,1
28040384,20200425,1
28040384,20200613,1
28040384,20210501,1
28040385,20191201,1
28040385,20191208,1
28040385,20200216,1
28040385,20201101,1
28040385,20201005,1
28040385,20211101,1
28040385,20200225,1
28040385,20201201,1
28040385,20201208,1
28040385,20210216,1
28040385,20211005,1
28040385,20191225,1
28040385,20200101,1
28040385,20200603,1
28040385,20200610,1
28040385,20211201,1
28040385,20211208,1
28040385,20200402,1
28040385,20200611,1
28040385,20210603,1
28040385,20210610,1
28040385,20191101,1
28040385,20200501,1
28040385,20201225,1
28040385,20191005,1
28040385,20200404,1
28040385,20200425,1
28040385,20200613,1
28040385,20210501,1
28040386,20191201,1
28040386,20191208,1
28040386,20200216,1
28040386,20201101,1
28040386,20201005,1
28040386,20211101,1
28040386,20200225,1
28040386,20201201,1
28040386,20201208,1
28040386,20210216,1
28040386,20211005,1
28040386,20191225,1
28040386,20200101,1
28040386,20200603,1
28040386,20200610,1
28040386,20211201,1
28040386,20211208,1
28040386,20200402,1
28040386,20200611,1
28040386,20210603,1
28040386,20210610,1
28040386,20191101,1
28040386,20200501,1
28040386,20201225,1
28040386,20191005,1
28040386,20200404,1
28040386,20200425,1
28040386,20200613,1
28040386,20210501,1
28040409,20191201,1
28040409,20191208,1
28040409,20200216,1
28040409,20201101,1
28040409,20201005,1
28040409,20211101,1
28040409,20200225,1
28040409,20201201,1
28040409,20201208,1
28040409,20210216,1
28040409,20211005,1
28040409,20191225,1
28040409,20200101,1
28040409,20200603,1
28040409,20200610,1
28040409,20211201,1
28040409,20211208,1
28040409,20200402,1
28040409,20200611,1
28040409,20210603,1
28040409,20210610,1
28040409,20191101,1
28040409,20200501,1
28040409,20201225,1
28040409,20191005,1
28040409,20200404,1
28040409,20200425,1
28040409,20200613,1
28040409,20210501,1
28040410,20191201,1
28040410,20191208,1
28040410,20200216,1
28040410,20201101,1
28040410,20201005,1
28040410,20211101,1
28040410,20200225,1
28040410,20201201,1
28040410,20201208,1
28040410,20210216,1
28040410,20211005,1
28040410,20191225,1
28040410,20200101,1
28040410,20200603,1
28040410,20200610,1
28040410,20211201,1
28040410,20211208,1
28040410,20200402,1
28040410,20200611,1
28040410,20210603,1
28040410,20210610,1
28040410,20191101,1
28040410,20200501,1
28040410,20201225,1
28040410,20191005,1
28040410,20200404,1
28040410,20200425,1
28040410,20200613,1
28040410,20210501,1
28040411,20191201,1
28040411,20191208,1
28040411,20200216,1
28040411,20201101,1
28040411,20201005,1
28040411,20211101,1
28040411,20200225,1
28040411,20201201,1
28040411,20201208,1
28040411,20210216,1
28040411,20211005,1
28040411,20191225,1
28040411,20200101,1
28040411,20200603,1
28040411,20200610,1
28040411,20211201,1
28040411,20211208,1
28040411,20200402,1
28040411,20200611,1
28040411,20210603,1
28040411,20210610,1
28040411,20191101,1
28040411,20200501,1
28040411,20201225,1
28040411,20191005,1
28040411,20200404,1
28040411,20200425,1
28040411,20200613,1
28040411,20210501,1
28040412,20191201,1
28040412,20191208,1
28040412,20200216,1
28040412,20201101,1
28040412,20201005,1
28040412,20211101,1
28040412,20200225,1
28040412,20201201,1
28040412,20201208,1
28040412,20210216,1
28040412,20211005,1
28040412,20191225,1
28040412,20200101,1
28040412,20200603,1
28040412,20200610,1
28040412,20211201,1
28040412,20211208,1
28040412,20200402,1
28040412,20200611,1
28040412,20210603,1
28040412,20210610,1
28040412,20191101,1
28040412,20200501,1
28040412,20201225,1
28040412,20191005,1
28040412,20200404,1
28040412,20200425,1
28040412,20200613,1
28040412,20210501,1
28040440,20191201,1
28040440,20191208,1
28040440,20200216,1
28040440,20201101,1
28040440,20201005,1
28040440,20211101,1
28040440,20200225,1
28040440,20201201,1
28040440,20201208,1
28040440,20210216,1
28040440,20211005,1
28040440,20191225,1
28040440,20200101,1
28040440,20200603,1
28040440,20200610,1
28040440,20211201,1
28040440,20211208,1
28040440,20200402,1
28040440,20200611,1
28040440,20210603,1
28040440,20210610,1
28040440,20191101,1
28040440,20200501,1
28040440,20201225,1
28040440,20191005,1
28040440,20200404,1
28040440,20200425,1
28040440,20200613,1
28040440,20210501,1
28040441,20191201,1
28040441,20191208,1
28040441,20200216,1
28040441,20201101,1
28040441,20201005,1
28040441,20211101,1
28040441,20200225,1
28040441,20201201,1
28040441,20201208,1
28040441,20210216,1
28040441,20211005,1
28040441,20191225,1
28040441,20200101,1
28040441,20200603,1
28040441,20200610,1
28040441,20211201,1
28040441,20211208,1
28040441,20200402,1
28040441,20200611,1
28040441,20210603,1
28040441,20210610,1
28040441,20191101,1
28040441,20200501,1
28040441,20201225,1
28040441,20191005,1
28040441,20200404,1
28040441,20200425,1
28040441,20200613,1
28040441,20210501,1
28040442,20191201,1
28040442,20191208,1
28040442,20200216,1
28040442,20201101,1
28040442,20201005,1
28040442,20211101,1
28040442,20200225,1
28040442,20201201,1
28040442,20201208,1
28040442,20210216,1
28040442,20211005,1
28040442,20191225,1
28040442,20200101,1
28040442,20200603,1
28040442,20200610,1
28040442,20211201,1
28040442,20211208,1
28040442,20200402,1
28040442,20200611,1
28040442,20210603,1
28040442,20210610,1
28040442,20191101,1
28040442,20200501,1
28040442,20201225,1
28040442,20191005,1
28040442,20200404,1
28040442,20200425,1
28040442,20200613,1
28040442,20210501,1
28040458,20191201,1
28040458,20191208,1
28040458,20200216,1
28040458,20201101,1
28040458,20201005,1
28040458,20211101,1
28040458,20200225,1
28040458,20201201,1
28040458,20201208,1
28040458,20210216,1
28040458,20211005,1
28040458,20191225,1
28040458,20200101,1
28040458,20200603,1
28040458,20200610,1
28040458,20211201,1
28040458,20211208,1
28040458,20200402,1
28040458,20200611,1
28040458,20210603,1
28040458,20210610,1
28040458,20191101,1
28040458,20200501,1
28040458,20201225,1
28040458,20191005,1
28040458,20200404,1
28040458,20200425,1
28040458,20200613,1
28040458,20210501,1
28040459,20191201,1
28040459,20191208,1
28040459,20200216,1
28040459,20201101,1
28040459,20201005,1
28040459,20211101,1
28040459,20200225,1
28040459,20201201,1
28040459,20201208,1
28040459,20210216,1
28040459,20211005,1
28040459,20191225,1
28040459,20200101,1
28040459,20200603,1
28040459,20200610,1
28040459,20211201,1
28040459,20211208,1
28040459,20200402,1
28040459,20200611,1
28040459,20210603,1
28040459,20210610,1
28040459,20191101,1
28040459,20200501,1
28040459,20201225,1
28040459,20191005,1
28040459,20200404,1
28040459,20200425,1
28040459,20200613,1
28040459,20210501,1
28040460,20191201,1
28040460,20191208,1
28040460,20200216,1
28040460,20201101,1
28040460,20201005,1
28040460,20211101,1
28040460,20200225,1
28040460,20201201,1
28040460,20201208,1
28040460,20210216,1
28040460,20211005,1
28040460,20191225,1
28040460,20200101,1
28040460,20200603,1
28040460,20200610,1
28040460,20211201,1
28040460,20211208,1
28040460,20200402,1
28040460,20200611,1
28040460,20210603,1
28040460,20210610,1
28040460,20191101,1
28040460,20200501,1
28040460,20201225,1
28040460,20191005,1
28040460,20200404,1
28040460,20200425,1
28040460,20200613,1
28040460,20210501,1
28040693,20191201,1
28040693,20191208,1
28040693,20200216,1
28040693,20201101,1
28040693,20201005,1
28040693,20211101,1
28040693,20200225,1
28040693,20201201,1
28040693,20201208,1
28040693,20210216,1
28040693,20211005,1
28040693,20191225,1
28040693,20200101,1
28040693,20200603,1
28040693,20200610,1
28040693,20211201,1
28040693,20211208,1
28040693,20200402,1
28040693,20200611,1
28040693,20210603,1
28040693,20210610,1
28040693,20191101,1
28040693,20200501,1
28040693,20201225,1
28040693,20191005,1
28040693,20200404,1
28040693,20200425,1
28040693,20200613,1
28040693,20210501,1
28040694,20191201,1
28040694,20191208,1
28040694,20200216,1
28040694,20201101,1
28040694,20201005,1
28040694,20211101,1
28040694,20200225,1
28040694,20201201,1
28040694,20201208,1
28040694,20210216,1
28040694,20211005,1
28040694,20191225,1
28040694,20200101,1
28040694,20200603,1
28040694,20200610,1
28040694,20211201,1
28040694,20211208,1
28040694,20200402,1
28040694,20200611,1
28040694,20210603,1
28040694,20210610,1
28040694,20191101,1
28040694,20200501,1
28040694,20201225,1
28040694,20191005,1
28040694,20200404,1
28040694,20200425,1
28040694,20200613,1
28040694,20210501,1
28040695,20191201,1
28040695,20191208,1
28040695,20200216,1
28040695,20201101,1
28040695,20201005,1
28040695,20211101,1
28040695,20200225,1
28040695,20201201,1
28040695,20201208,1
28040695,20210216,1
28040695,20211005,1
28040695,20191225,1
28040695,20200101,1
28040695,20200603,1
28040695,20200610,1
28040695,20211201,1
28040695,20211208,1
28040695,20200402,1
28040695,20200611,1
28040695,20210603,1
28040695,20210610,1
28040695,20191101,1
28040695,20200501,1
28040695,20201225,1
28040695,20191005,1
28040695,20200404,1
28040695,20200425,1
28040695,20200613,1
28040695,20210501,1
28040696,20191201,1
28040696,20191208,1
28040696,20200216,1
28040696,20201101,1
28040696,20201005,1
28040696,20211101,1
28040696,20200225,1
28040696,20201201,1
28040696,20201208,1
28040696,20210216,1
28040696,20211005,1
28040696,20191225,1
28040696,20200101,1
28040696,20200603,1
28040696,20200610,1
28040696,20211201,1
28040696,20211208,1
28040696,20200402,1
28040696,20200611,1
28040696,20210603,1
28040696,20210610,1
28040696,20191101,1
28040696,20200501,1
28040696,20201225,1
28040696,20191005,1
28040696,20200404,1
28040696,20200425,1
28040696,20200613,1
28040696,20210501,1
28040697,20191201,1
28040697,20191208,1
28040697,20200216,1
28040697,20201101,1
28040697,20201005,1
28040697,20211101,1
28040697,20200225,1
28040697,20201201,1
28040697,20201208,1
28040697,20210216,1
28040697,20211005,1
28040697,20191225,1
28040697,20200101,1
28040697,20200603,1
28040697,20200610,1
28040697,20211201,1
28040697,20211208,1
28040697,20200402,1
28040697,20200611,1
28040697,20210603,1
28040697,20210610,1
28040697,20191101,1
28040697,20200501,1
28040697,20201225,1
28040697,20191005,1
28040697,20200404,1
28040697,20200425,1
28040697,20200613,1
28040697,20210501,1
28040698,20191201,1
28040698,20191208,1
28040698,20200216,1
28040698,20201101,1
28040698,20201005,1
28040698,20211101,1
28040698,20200225,1
28040698,20201201,1
28040698,20201208,1
28040698,20210216,1
28040698,20211005,1
28040698,20191225,1
28040698,20200101,1
28040698,20200603,1
28040698,20200610,1
28040698,20211201,1
28040698,20211208,1
28040698,20200402,1
28040698,20200611,1
28040698,20210603,1
28040698,20210610,1
28040698,20191101,1
28040698,20200501,1
28040698,20201225,1
28040698,20191005,1
28040698,20200404,1
28040698,20200425,1
28040698,20200613,1
28040698,20210501,1
28040717,20191201,1
28040717,20191208,1
28040717,20200216,1
28040717,20201101,1
28040717,20201005,1
28040717,20211101,1
28040717,20200225,1
28040717,20201201,1
28040717,20201208,1
28040717,20210216,1
28040717,20211005,1
28040717,20191225,1
28040717,20200101,1
28040717,20200603,1
28040717,20200610,1
28040717,20211201,1
28040717,20211208,1
28040717,20200402,1
28040717,20200611,1
28040717,20210603,1
28040717,20210610,1
28040717,20191101,1
28040717,20200501,1
28040717,20201225,1
28040717,20191005,1
28040717,20200404,1
28040717,20200425,1
28040717,20200613,1
28040717,20210501,1
28040718,20191201,1
28040718,20191208,1
28040718,20200216,1
28040718,20201101,1
28040718,20201005,1
28040718,20211101,1
28040718,20200225,1
28040718,20201201,1
28040718,20201208,1
28040718,20210216,1
28040718,20211005,1
28040718,20191225,1
28040718,20200101,1
28040718,20200603,1
28040718,20200610,1
28040718,20211201,1
28040718,20211208,1
28040718,20200402,1
28040718,20200611,1
28040718,20210603,1
28040718,20210610,1
28040718,20191101,1
28040718,20200501,1
28040718,20201225,1
28040718,20191005,1
28040718,20200404,1
28040718,20200425,1
28040718,20200613,1
28040718,20210501,1
28040719,20191201,1
28040719,20191208,1
28040719,20200216,1
28040719,20201101,1
28040719,20201005,1
28040719,20211101,1
28040719,20200225,1
28040719,20201201,1
28040719,20201208,1
28040719,20210216,1
28040719,20211005,1
28040719,20191225,1
28040719,20200101,1
28040719,20200603,1
28040719,20200610,1
28040719,20211201,1
28040719,20211208,1
28040719,20200402,1
28040719,20200611,1
28040719,20210603,1
28040719,20210610,1
28040719,20191101,1
28040719,20200501,1
28040719,20201225,1
28040719,20191005,1
28040719,20200404,1
28040719,20200425,1
28040719,20200613,1
28040719,20210501,1
28040720,20191201,1
28040720,20191208,1
28040720,20200216,1
28040720,20201101,1
28040720,20201005,1
28040720,20211101,1
28040720,20200225,1
28040720,20201201,1
28040720,20201208,1
28040720,20210216,1
28040720,20211005,1
28040720,20191225,1
28040720,20200101,1
28040720,20200603,1
28040720,20200610,1
28040720,20211201,1
28040720,20211208,1
28040720,20200402,1
28040720,20200611,1
28040720,20210603,1
28040720,20210610,1
28040720,20191101,1
28040720,20200501,1
28040720,20201225,1
28040720,20191005,1
28040720,20200404,1
28040720,20200425,1
28040720,20200613,1
28040720,20210501,1
28040721,20191201,1
28040721,20191208,1
28040721,20200216,1
28040721,20201101,1
28040721,20201005,1
28040721,20211101,1
28040721,20200225,1
28040721,20201201,1
28040721,20201208,1
28040721,20210216,1
28040721,20211005,1
28040721,20191225,1
28040721,20200101,1
28040721,20200603,1
28040721,20200610,1
28040721,20211201,1
28040721,20211208,1
28040721,20200402,1
28040721,20200611,1
28040721,20210603,1
28040721,20210610,1
28040721,20191101,1
28040721,20200501,1
28040721,20201225,1
28040721,20191005,1
28040721,20200404,1
28040721,20200425,1
28040721,20200613,1
28040721,20210501,1
28040722,20191201,1
28040722,20191208,1
28040722,20200216,1
28040722,20201101,1
28040722,20201005,1
28040722,20211101,1
28040722,20200225,1
28040722,20201201,1
28040722,20201208,1
28040722,20210216,1
28040722,20211005,1
28040722,20191225,1
28040722,20200101,1
28040722,20200603,1
28040722,20200610,1
28040722,20211201,1
28040722,20211208,1
28040722,20200402,1
28040722,20200611,1
28040722,20210603,1
28040722,20210610,1
28040722,20191101,1
28040722,20200501,1
28040722,20201225,1
28040722,20191005,1
28040722,20200404,1
28040722,20200425,1
28040722,20200613,1
28040722,20210501,1
28040740,20191201,1
28040740,20191208,1
28040740,20200216,1
28040740,20201101,1
28040740,20201005,1
28040740,20211101,1
28040740,20200225,1
28040740,20201201,1
28040740,20201208,1
28040740,20210216,1
28040740,20211005,1
28040740,20191225,1
28040740,20200101,1
28040740,20200603,1
28040740,20200610,1
28040740,20211201,1
28040740,20211208,1
28040740,20200402,1
28040740,20200611,1
28040740,20210603,1
28040740,20210610,1
28040740,20191101,1
28040740,20200501,1
28040740,20201225,1
28040740,20191005,1
28040740,20200404,1
28040740,20200425,1
28040740,20200613,1
28040740,20210501,1
28040741,20191201,1
28040741,20191208,1
28040741,20200216,1
28040741,20201101,1
28040741,20201005,1
28040741,20211101,1
28040741,20200225,1
28040741,20201201,1
28040741,20201208,1
28040741,20210216,1
28040741,20211005,1
28040741,20191225,1
28040741,20200101,1
28040741,20200603,1
28040741,20200610,1
28040741,20211201,1
28040741,20211208,1
28040741,20200402,1
28040741,20200611,1
28040741,20210603,1
28040741,20210610,1
28040741,20191101,1
28040741,20200501,1
28040741,20201225,1
28040741,20191005,1
28040741,20200404,1
28040741,20200425,1
28040741,20200613,1
28040741,20210501,1
28040742,20191201,1
28040742,20191208,1
28040742,20200216,1
28040742,20201101,1
28040742,20201005,1
28040742,20211101,1
28040742,20200225,1
28040742,20201201,1
28040742,20201208,1
28040742,20210216,1
28040742,20211005,1
28040742,20191225,1
28040742,20200101,1
28040742,20200603,1
28040742,20200610,1
28040742,20211201,1
28040742,20211208,1
28040742,20200402,1
28040742,20200611,1
28040742,20210603,1
28040742,20210610,1
28040742,20191101,1
28040742,20200501,1
28040742,20201225,1
28040742,20191005,1
28040742,20200404,1
28040742,20200425,1
28040742,20200613,1
28040742,20210501,1
28040761,20191201,1
28040761,20191208,1
28040761,20200216,1
28040761,20201101,1
28040761,20201005,1
28040761,20211101,1
28040761,20200225,1
28040761,20201201,1
28040761,20201208,1
28040761,20210216,1
28040761,20211005,1
28040761,20191225,1
28040761,20200101,1
28040761,20200603,1
28040761,20200610,1
28040761,20211201,1
28040761,20211208,1
28040761,20200402,1
28040761,20200611,1
28040761,20210603,1
28040761,20210610,1
28040761,20191101,1
28040761,20200501,1
28040761,20201225,1
28040761,20191005,1
28040761,20200404,1
28040761,20200425,1
28040761,20200613,1
28040761,20210501,1
28040762,20191201,1
28040762,20191208,1
28040762,20200216,1
28040762,20201101,1
28040762,20201005,1
28040762,20211101,1
28040762,20200225,1
28040762,20201201,1
28040762,20201208,1
28040762,20210216,1
28040762,20211005,1
28040762,20191225,1
28040762,20200101,1
28040762,20200603,1
28040762,20200610,1
28040762,20211201,1
28040762,20211208,1
28040762,20200402,1
28040762,20200611,1
28040762,20210603,1
28040762,20210610,1
28040762,20191101,1
28040762,20200501,1
28040762,20201225,1
28040762,20191005,1
28040762,20200404,1
28040762,20200425,1
28040762,20200613,1
28040762,20210501,1
28040763,20191201,1
28040763,20191208,1
28040763,20200216,1
28040763,20201101,1
28040763,20201005,1
28040763,20211101,1
28040763,20200225,1
28040763,20201201,1
28040763,20201208,1
28040763,20210216,1
28040763,20211005,1
28040763,20191225,1
28040763,20200101,1
28040763,20200603,1
28040763,20200610,1
28040763,20211201,1
28040763,20211208,1
28040763,20200402,1
28040763,20200611,1
28040763,20210603,1
28040763,20210610,1
28040763,20191101,1
28040763,20200501,1
28040763,20201225,1
28040763,20191005,1
28040763,20200404,1
28040763,20200425,1
28040763,20200613,1
28040763,20210501,1
28040764,20191201,1
28040764,20191208,1
28040764,20200216,1
28040764,20201101,1
28040764,20201005,1
28040764,20211101,1
28040764,20200225,1
28040764,20201201,1
28040764,20201208,1
28040764,20210216,1
28040764,20211005,1
28040764,20191225,1
28040764,20200101,1
28040764,20200603,1
28040764,20200610,1
28040764,20211201,1
28040764,20211208,1
28040764,20200402,1
28040764,20200611,1
28040764,20210603,1
28040764,20210610,1
28040764,20191101,1
28040764,20200501,1
28040764,20201225,1
28040764,20191005,1
28040764,20200404,1
28040764,20200425,1
28040764,20200613,1
28040764,20210501,1
28040780,20191201,1
28040780,20191208,1
28040780,20200216,1
28040780,20201101,1
28040780,20201005,1
28040780,20211101,1
28040780,20200225,1
28040780,20201201,1
28040780,20201208,1
28040780,20210216,1
28040780,20211005,1
28040780,20191225,1
28040780,20200101,1
28040780,20200603,1
28040780,20200610,1
28040780,20211201,1
28040780,20211208,1
28040780,20200402,1
28040780,20200611,1
28040780,20210603,1
28040780,20210610,1
28040780,20191101,1
28040780,20200501,1
28040780,20201225,1
28040780,20191005,1
28040780,20200404,1
28040780,20200425,1
28040780,20200613,1
28040780,20210501,1
28040781,20191201,1
28040781,20191208,1
28040781,20200216,1
28040781,20201101,1
28040781,20201005,1
28040781,20211101,1
28040781,20200225,1
28040781,20201201,1
28040781,20201208,1
28040781,20210216,1
28040781,20211005,1
28040781,20191225,1
28040781,20200101,1
28040781,20200603,1
28040781,20200610,1
28040781,20211201,1
28040781,20211208,1
28040781,20200402,1
28040781,20200611,1
28040781,20210603,1
28040781,20210610,1
28040781,20191101,1
28040781,20200501,1
28040781,20201225,1
28040781,20191005,1
28040781,20200404,1
28040781,20200425,1
28040781,20200613,1
28040781,20210501,1
28040782,20191201,1
28040782,20191208,1
28040782,20200216,1
28040782,20201101,1
28040782,20201005,1
28040782,20211101,1
28040782,20200225,1
28040782,20201201,1
28040782,20201208,1
28040782,20210216,1
28040782,20211005,1
28040782,20191225,1
28040782,20200101,1
28040782,20200603,1
28040782,20200610,1
28040782,20211201,1
28040782,20211208,1
28040782,20200402,1
28040782,20200611,1
28040782,20210603,1
28040782,20210610,1
28040782,20191101,1
28040782,20200501,1
28040782,20201225,1
28040782,20191005,1
28040782,20200404,1
28040782,20200425,1
28040782,20200613,1
28040782,20210501,1
28040783,20191201,1
28040783,20191208,1
28040783,20200216,1
28040783,20201101,1
28040783,20201005,1
28040783,20211101,1
28040783,20200225,1
28040783,20201201,1
28040783,20201208,1
28040783,20210216,1
28040783,20211005,1
28040783,20191225,1
28040783,20200101,1
28040783,20200603,1
28040783,20200610,1
28040783,20211201,1
28040783,20211208,1
28040783,20200402,1
28040783,20200611,1
28040783,20210603,1
28040783,20210610,1
28040783,20191101,1
28040783,20200501,1
28040783,20201225,1
28040783,20191005,1
28040783,20200404,1
28040783,20200425,1
28040783,20200613,1
28040783,20210501,1
28040784,20191201,1
28040784,20191208,1
28040784,20200216,1
28040784,20201101,1
28040784,20201005,1
28040784,20211101,1
28040784,20200225,1
28040784,20201201,1
28040784,20201208,1
28040784,20210216,1
28040784,20211005,1
28040784,20191225,1
28040784,20200101,1
28040784,20200603,1
28040784,20200610,1
28040784,20211201,1
28040784,20211208,1
28040784,20200402,1
28040784,20200611,1
28040784,20210603,1
28040784,20210610,1
28040784,20191101,1
28040784,20200501,1
28040784,20201225,1
28040784,20191005,1
28040784,20200404,1
28040784,20200425,1
28040784,20200613,1
28040784,20210501,1
28040785,20191201,1
28040785,20191208,1
28040785,20200216,1
28040785,20201101,1
28040785,20201005,1
28040785,20211101,1
28040785,20200225,1
28040785,20201201,1
28040785,20201208,1
28040785,20210216,1
28040785,20211005,1
28040785,20191225,1
28040785,20200101,1
28040785,20200603,1
28040785,20200610,1
28040785,20211201,1
28040785,20211208,1
28040785,20200402,1
28040785,20200611,1
28040785,20210603,1
28040785,20210610,1
28040785,20191101,1
28040785,20200501,1
28040785,20201225,1
28040785,20191005,1
28040785,20200404,1
28040785,20200425,1
28040785,20200613,1
28040785,20210501,1
28040786,20191201,1
28040786,20191208,1
28040786,20200216,1
28040786,20201101,1
28040786,20201005,1
28040786,20211101,1
28040786,20200225,1
28040786,20201201,1
28040786,20201208,1
28040786,20210216,1
28040786,20211005,1
28040786,20191225,1
28040786,20200101,1
28040786,20200603,1
28040786,20200610,1
28040786,20211201,1
28040786,20211208,1
28040786,20200402,1
28040786,20200611,1
28040786,20210603,1
28040786,20210610,1
28040786,20191101,1
28040786,20200501,1
28040786,20201225,1
28040786,20191005,1
28040786,20200404,1
28040786,20200425,1
28040786,20200613,1
28040786,20210501,1
28040802,20191201,1
28040802,20191208,1
28040802,20200216,1
28040802,20201101,1
28040802,20201005,1
28040802,20211101,1
28040802,20200225,1
28040802,20201201,1
28040802,20201208,1
28040802,20210216,1
28040802,20211005,1
28040802,20191225,1
28040802,20200101,1
28040802,20200603,1
28040802,20200610,1
28040802,20211201,1
28040802,20211208,1
28040802,20200402,1
28040802,20200611,1
28040802,20210603,1
28040802,20210610,1
28040802,20191101,1
28040802,20200501,1
28040802,20201225,1
28040802,20191005,1
28040802,20200404,1
28040802,20200425,1
28040802,20200613,1
28040802,20210501,1
28040803,20191201,1
28040803,20191208,1
28040803,20200216,1
28040803,20201101,1
28040803,20201005,1
28040803,20211101,1
28040803,20200225,1
28040803,20201201,1
28040803,20201208,1
28040803,20210216,1
28040803,20211005,1
28040803,20191225,1
28040803,20200101,1
28040803,20200603,1
28040803,20200610,1
28040803,20211201,1
28040803,20211208,1
28040803,20200402,1
28040803,20200611,1
28040803,20210603,1
28040803,20210610,1
28040803,20191101,1
28040803,20200501,1
28040803,20201225,1
28040803,20191005,1
28040803,20200404,1
28040803,20200425,1
28040803,20200613,1
28040803,20210501,1
28040804,20191201,1
28040804,20191208,1
28040804,20200216,1
28040804,20201101,1
28040804,20201005,1
28040804,20211101,1
28040804,20200225,1
28040804,20201201,1
28040804,20201208,1
28040804,20210216,1
28040804,20211005,1
28040804,20191225,1
28040804,20200101,1
28040804,20200603,1
28040804,20200610,1
28040804,20211201,1
28040804,20211208,1
28040804,20200402,1
28040804,20200611,1
28040804,20210603,1
28040804,20210610,1
28040804,20191101,1
28040804,20200501,1
28040804,20201225,1
28040804,20191005,1
28040804,20200404,1
28040804,20200425,1
28040804,20200613,1
28040804,20210501,1
28040805,20191201,1
28040805,20191208,1
28040805,20200216,1
28040805,20201101,1
28040805,20201005,1
28040805,20211101,1
28040805,20200225,1
28040805,20201201,1
28040805,20201208,1
28040805,20210216,1
28040805,20211005,1
28040805,20191225,1
28040805,20200101,1
28040805,20200603,1
28040805,20200610,1
28040805,20211201,1
28040805,20211208,1
28040805,20200402,1
28040805,20200611,1
28040805,20210603,1
28040805,20210610,1
28040805,20191101,1
28040805,20200501,1
28040805,20201225,1
28040805,20191005,1
28040805,20200404,1
28040805,20200425,1
28040805,20200613,1
28040805,20210501,1
28040806,20191201,1
28040806,20191208,1
28040806,20200216,1
28040806,20201101,1
28040806,20201005,1
28040806,20211101,1
28040806,20200225,1
28040806,20201201,1
28040806,20201208,1
28040806,20210216,1
28040806,20211005,1
28040806,20191225,1
28040806,20200101,1
28040806,20200603,1
28040806,20200610,1
28040806,20211201,1
28040806,20211208,1
28040806,20200402,1
28040806,20200611,1
28040806,20210603,1
28040806,20210610,1
28040806,20191101,1
28040806,20200501,1
28040806,20201225,1
28040806,20191005,1
28040806,20200404,1
28040806,20200425,1
28040806,20200613,1
28040806,20210501,1
28040807,20191201,1
28040807,20191208,1
28040807,20200216,1
28040807,20201101,1
28040807,20201005,1
28040807,20211101,1
28040807,20200225,1
28040807,20201201,1
28040807,20201208,1
28040807,20210216,1
28040807,20211005,1
28040807,20191225,1
28040807,20200101,1
28040807,20200603,1
28040807,20200610,1
28040807,20211201,1
28040807,20211208,1
28040807,20200402,1
28040807,20200611,1
28040807,20210603,1
28040807,20210610,1
28040807,20191101,1
28040807,20200501,1
28040807,20201225,1
28040807,20191005,1
28040807,20200404,1
28040807,20200425,1
28040807,20200613,1
28040807,20210501,1
28040808,20191201,1
28040808,20191208,1
28040808,20200216,1
28040808,20201101,1
28040808,20201005,1
28040808,20211101,1
28040808,20200225,1
28040808,20201201,1
28040808,20201208,1
28040808,20210216,1
28040808,20211005,1
28040808,20191225,1
28040808,20200101,1
28040808,20200603,1
28040808,20200610,1
28040808,20211201,1
28040808,20211208,1
28040808,20200402,1
28040808,20200611,1
28040808,20210603,1
28040808,20210610,1
28040808,20191101,1
28040808,20200501,1
28040808,20201225,1
28040808,20191005,1
28040808,20200404,1
28040808,20200425,1
28040808,20200613,1
28040808,20210501,1
28041017,20191201,1
28041017,20191208,1
28041017,20200216,1
28041017,20201101,1
28041017,20201005,1
28041017,20211101,1
28041017,20200225,1
28041017,20201201,1
28041017,20201208,1
28041017,20210216,1
28041017,20211005,1
28041017,20191225,1
28041017,20200101,1
28041017,20200603,1
28041017,20200610,1
28041017,20211201,1
28041017,20211208,1
28041017,20200402,1
28041017,20200611,1
28041017,20210603,1
28041017,20210610,1
28041017,20191101,1
28041017,20200501,1
28041017,20201225,1
28041017,20191005,1
28041017,20200404,1
28041017,20200425,1
28041017,20200613,1
28041017,20210501,1
28041018,20191201,1
28041018,20191208,1
28041018,20200216,1
28041018,20201101,1
28041018,20201005,1
28041018,20211101,1
28041018,20200225,1
28041018,20201201,1
28041018,20201208,1
28041018,20210216,1
28041018,20211005,1
28041018,20191225,1
28041018,20200101,1
28041018,20200603,1
28041018,20200610,1
28041018,20211201,1
28041018,20211208,1
28041018,20200402,1
28041018,20200611,1
28041018,20210603,1
28041018,20210610,1
28041018,20191101,1
28041018,20200501,1
28041018,20201225,1
28041018,20191005,1
28041018,20200404,1
28041018,20200425,1
28041018,20200613,1
28041018,20210501,1
28041019,20191201,1
28041019,20191208,1
28041019,20200216,1
28041019,20201101,1
28041019,20201005,1
28041019,20211101,1
28041019,20200225,1
28041019,20201201,1
28041019,20201208,1
28041019,20210216,1
28041019,20211005,1
28041019,20191225,1
28041019,20200101,1
28041019,20200603,1
28041019,20200610,1
28041019,20211201,1
28041019,20211208,1
28041019,20200402,1
28041019,20200611,1
28041019,20210603,1
28041019,20210610,1
28041019,20191101,1
28041019,20200501,1
28041019,20201225,1
28041019,20191005,1
28041019,20200404,1
28041019,20200425,1
28041019,20200613,1
28041019,20210501,1
28041027,20191201,1
28041027,20191208,1
28041027,20200216,1
28041027,20201101,1
28041027,20201005,1
28041027,20211101,1
28041027,20200225,1
28041027,20201201,1
28041027,20201208,1
28041027,20210216,1
28041027,20211005,1
28041027,20191225,1
28041027,20200101,1
28041027,20200603,1
28041027,20200610,1
28041027,20211201,1
28041027,20211208,1
28041027,20200402,1
28041027,20200611,1
28041027,20210603,1
28041027,20210610,1
28041027,20191101,1
28041027,20200501,1
28041027,20201225,1
28041027,20191005,1
28041027,20200404,1
28041027,20200425,1
28041027,20200613,1
28041027,20210501,1
28041028,20191201,1
28041028,20191208,1
28041028,20200216,1
28041028,20201101,1
28041028,20201005,1
28041028,20211101,1
28041028,20200225,1
28041028,20201201,1
28041028,20201208,1
28041028,20210216,1
28041028,20211005,1
28041028,20191225,1
28041028,20200101,1
28041028,20200603,1
28041028,20200610,1
28041028,20211201,1
28041028,20211208,1
28041028,20200402,1
28041028,20200611,1
28041028,20210603,1
28041028,20210610,1
28041028,20191101,1
28041028,20200501,1
28041028,20201225,1
28041028,20191005,1
28041028,20200404,1
28041028,20200425,1
28041028,20200613,1
28041028,20210501,1
28041029,20191201,1
28041029,20191208,1
28041029,20200216,1
28041029,20201101,1
28041029,20201005,1
28041029,20211101,1
28041029,20200225,1
28041029,20201201,1
28041029,20201208,1
28041029,20210216,1
28041029,20211005,1
28041029,20191225,1
28041029,20200101,1
28041029,20200603,1
28041029,20200610,1
28041029,20211201,1
28041029,20211208,1
28041029,20200402,1
28041029,20200611,1
28041029,20210603,1
28041029,20210610,1
28041029,20191101,1
28041029,20200501,1
28041029,20201225,1
28041029,20191005,1
28041029,20200404,1
28041029,20200425,1
28041029,20200613,1
28041029,20210501,1
28041036,20191201,1
28041036,20191208,1
28041036,20200216,1
28041036,20201101,1
28041036,20201005,1
28041036,20211101,1
28041036,20200225,1
28041036,20201201,1
28041036,20201208,1
28041036,20210216,1
28041036,20211005,1
28041036,20191225,1
28041036,20200101,1
28041036,20200603,1
28041036,20200610,1
28041036,20211201,1
28041036,20211208,1
28041036,20200402,1
28041036,20200611,1
28041036,20210603,1
28041036,20210610,1
28041036,20191101,1
28041036,20200501,1
28041036,20201225,1
28041036,20191005,1
28041036,20200404,1
28041036,20200425,1
28041036,20200613,1
28041036,20210501,1
28041037,20191201,1
28041037,20191208,1
28041037,20200216,1
28041037,20201101,1
28041037,20201005,1
28041037,20211101,1
28041037,20200225,1
28041037,20201201,1
28041037,20201208,1
28041037,20210216,1
28041037,20211005,1
28041037,20191225,1
28041037,20200101,1
28041037,20200603,1
28041037,20200610,1
28041037,20211201,1
28041037,20211208,1
28041037,20200402,1
28041037,20200611,1
28041037,20210603,1
28041037,20210610,1
28041037,20191101,1
28041037,20200501,1
28041037,20201225,1
28041037,20191005,1
28041037,20200404,1
28041037,20200425,1
28041037,20200613,1
28041037,20210501,1
28041038,20191201,1
28041038,20191208,1
28041038,20200216,1
28041038,20201101,1
28041038,20201005,1
28041038,20211101,1
28041038,20200225,1
28041038,20201201,1
28041038,20201208,1
28041038,20210216,1
28041038,20211005,1
28041038,20191225,1
28041038,20200101,1
28041038,20200603,1
28041038,20200610,1
28041038,20211201,1
28041038,20211208,1
28041038,20200402,1
28041038,20200611,1
28041038,20210603,1
28041038,20210610,1
28041038,20191101,1
28041038,20200501,1
28041038,20201225,1
28041038,20191005,1
28041038,20200404,1
28041038,20200425,1
28041038,20200613,1
28041038,20210501,1
28041039,20191201,1
28041039,20191208,1
28041039,20200216,1
28041039,20201101,1
28041039,20201005,1
28041039,20211101,1
28041039,20200225,1
28041039,20201201,1
28041039,20201208,1
28041039,20210216,1
28041039,20211005,1
28041039,20191225,1
28041039,20200101,1
28041039,20200603,1
28041039,20200610,1
28041039,20211201,1
28041039,20211208,1
28041039,20200402,1
28041039,20200611,1
28041039,20210603,1
28041039,20210610,1
28041039,20191101,1
28041039,20200501,1
28041039,20201225,1
28041039,20191005,1
28041039,20200404,1
28041039,20200425,1
28041039,20200613,1
28041039,20210501,1
28041040,20191201,1
28041040,20191208,1
28041040,20200216,1
28041040,20201101,1
28041040,20201005,1
28041040,20211101,1
28041040,20200225,1
28041040,20201201,1
28041040,20201208,1
28041040,20210216,1
28041040,20211005,1
28041040,20191225,1
28041040,20200101,1
28041040,20200603,1
28041040,20200610,1
28041040,20211201,1
28041040,20211208,1
28041040,20200402,1
28041040,20200611,1
28041040,20210603,1
28041040,20210610,1
28041040,20191101,1
28041040,20200501,1
28041040,20201225,1
28041040,20191005,1
28041040,20200404,1
28041040,20200425,1
28041040,20200613,1
28041040,20210501,1
28041041,20191201,1
28041041,20191208,1
28041041,20200216,1
28041041,20201101,1
28041041,20201005,1
28041041,20211101,1
28041041,20200225,1
28041041,20201201,1
28041041,20201208,1
28041041,20210216,1
28041041,20211005,1
28041041,20191225,1
28041041,20200101,1
28041041,20200603,1
28041041,20200610,1
28041041,20211201,1
28041041,20211208,1
28041041,20200402,1
28041041,20200611,1
28041041,20210603,1
28041041,20210610,1
28041041,20191101,1
28041041,20200501,1
28041041,20201225,1
28041041,20191005,1
28041041,20200404,1
28041041,20200425,1
28041041,20200613,1
28041041,20210501,1
28041066,20191201,1
28041066,20191208,1
28041066,20200216,1
28041066,20201101,1
28041066,20201005,1
28041066,20211101,1
28041066,20200225,1
28041066,20201201,1
28041066,20201208,1
28041066,20210216,1
28041066,20211005,1
28041066,20191225,1
28041066,20200101,1
28041066,20200603,1
28041066,20200610,1
28041066,20211201,1
28041066,20211208,1
28041066,20200402,1
28041066,20200611,1
28041066,20210603,1
28041066,20210610,1
28041066,20191101,1
28041066,20200501,1
28041066,20201225,1
28041066,20191005,1
28041066,20200404,1
28041066,20200425,1
28041066,20200613,1
28041066,20210501,1
28041067,20191201,1
28041067,20191208,1
28041067,20200216,1
28041067,20201101,1
28041067,20201005,1
28041067,20211101,1
28041067,20200225,1
28041067,20201201,1
28041067,20201208,1
28041067,20210216,1
28041067,20211005,1
28041067,20191225,1
28041067,20200101,1
28041067,20200603,1
28041067,20200610,1
28041067,20211201,1
28041067,20211208,1
28041067,20200402,1
28041067,20200611,1
28041067,20210603,1
28041067,20210610,1
28041067,20191101,1
28041067,20200501,1
28041067,20201225,1
28041067,20191005,1
28041067,20200404,1
28041067,20200425,1
28041067,20200613,1
28041067,20210501,1
28041068,20191201,1
28041068,20191208,1
28041068,20200216,1
28041068,20201101,1
28041068,20201005,1
28041068,20211101,1
28041068,20200225,1
28041068,20201201,1
28041068,20201208,1
28041068,20210216,1
28041068,20211005,1
28041068,20191225,1
28041068,20200101,1
28041068,20200603,1
28041068,20200610,1
28041068,20211201,1
28041068,20211208,1
28041068,20200402,1
28041068,20200611,1
28041068,20210603,1
28041068,20210610,1
28041068,20191101,1
28041068,20200501,1
28041068,20201225,1
28041068,20191005,1
28041068,20200404,1
28041068,20200425,1
28041068,20200613,1
28041068,20210501,1
28041069,20191201,1
28041069,20191208,1
28041069,20200216,1
28041069,20201101,1
28041069,20201005,1
28041069,20211101,1
28041069,20200225,1
28041069,20201201,1
28041069,20201208,1
28041069,20210216,1
28041069,20211005,1
28041069,20191225,1
28041069,20200101,1
28041069,20200603,1
28041069,20200610,1
28041069,20211201,1
28041069,20211208,1
28041069,20200402,1
28041069,20200611,1
28041069,20210603,1
28041069,20210610,1
28041069,20191101,1
28041069,20200501,1
28041069,20201225,1
28041069,20191005,1
28041069,20200404,1
28041069,20200425,1
28041069,20200613,1
28041069,20210501,1
28041070,20191201,1
28041070,20191208,1
28041070,20200216,1
28041070,20201101,1
28041070,20201005,1
28041070,20211101,1
28041070,20200225,1
28041070,20201201,1
28041070,20201208,1
28041070,20210216,1
28041070,20211005,1
28041070,20191225,1
28041070,20200101,1
28041070,20200603,1
28041070,20200610,1
28041070,20211201,1
28041070,20211208,1
28041070,20200402,1
28041070,20200611,1
28041070,20210603,1
28041070,20210610,1
28041070,20191101,1
28041070,20200501,1
28041070,20201225,1
28041070,20191005,1
28041070,20200404,1
28041070,20200425,1
28041070,20200613,1
28041070,20210501,1
