route_id,service_id,trip_id,trip_headsign,direction_id,block_id,shape_id
4084,24516415,24516415,,,,4084
4084,24516416,24516416,,,,4084
4084,24516417,24516417,,,,4084
4084,24516418,24516418,,,,4084
4084,24516419,24516419,,,,4084
4084,24516420,24516420,,,,4084
4084,24516422,24516422,,,,4084
4084,24516423,24516423,,,,4084
4084,24516421,24516421,,,,4084
4086,24516424,24516424,,,,4086
4086,24516426,24516426,,,,4086
4086,24516427,24516427,,,,4086
4086,24516429,24516429,,,,4086
4086,24516431,24516431,,,,4086
4086,24516433,24516433,,,,4086
4086,24516435,24516435,,,,4086
4086,24516438,24516438,,,,4086
4086,24516440,24516440,,,,4086
4086,24516442,24516442,,,,4086
4086,24516444,24516444,,,,4086
4086,24516446,24516446,,,,4086
4086,24516449,24516449,,,,4086
4086,24516453,24516453,,,,4086
4086,24516451,24516451,,,,4086
4086,24516452,24516452,,,,4086
4086,24516450,24516450,,,,4086
4086,24516447,24516447,,,,4086
4086,24516448,24516448,,,,4086
4086,24516445,24516445,,,,4086
4086,24516443,24516443,,,,4086
4086,24516441,24516441,,,,4086
4086,24516439,24516439,,,,4086
4086,24516436,24516436,,,,4086
4086,24516437,24516437,,,,4086
4086,24516434,24516434,,,,4086
4086,24516432,24516432,,,,4086
4086,24516430,24516430,,,,4086
4086,24516428,24516428,,,,4086
4086,24516425,24516425,,,,4086
4087,24516454,24516454,,,,4087
4087,24516455,24516455,,,,4087
4087,24516457,24516457,,,,4087
4087,24516459,24516459,,,,4087
4087,24516460,24516460,,,,4087
4087,24516461,24516461,,,,4087
4087,24516463,24516463,,,,4087
4087,24516465,24516465,,,,4087
4087,24516467,24516467,,,,4087
4087,24516469,24516469,,,,4087
4087,24516471,24516471,,,,4087
4087,24516473,24516473,,,,4087
4087,24516475,24516475,,,,4087
4087,24516477,24516477,,,,4087
4087,24516496,24516496,,,,4087
4087,24516479,24516479,,,,4087
4087,24516481,24516481,,,,4087
4087,24516483,24516483,,,,4087
4087,24516484,24516484,,,,4087
4087,24516486,24516486,,,,4087
4087,24516488,24516488,,,,4087
4087,24516490,24516490,,,,4087
4087,24516492,24516492,,,,4087
4087,24516494,24516494,,,,4087
4087,24516458,24516458,,,,4087
4087,24516456,24516456,,,,4087
4087,24516462,24516462,,,,4087
4087,24516470,24516470,,,,4087
4087,24516468,24516468,,,,4087
4087,24516466,24516466,,,,4087
4087,24516464,24516464,,,,4087
4087,24516476,24516476,,,,4087
4087,24516474,24516474,,,,4087
4087,24516472,24516472,,,,4087
4087,24516495,24516495,,,,4087
4087,24516493,24516493,,,,4087
4087,24516491,24516491,,,,4087
4087,24516489,24516489,,,,4087
4087,24516487,24516487,,,,4087
4087,24516485,24516485,,,,4087
4087,24516482,24516482,,,,4087
4087,24516480,24516480,,,,4087
4087,24516478,24516478,,,,4087
4088,24516497,24516497,,,,4088
4088,24516498,24516498,,,,4088
4088,24516499,24516499,,,,4088
4088,24516500,24516500,,,,4088
4088,24516501,24516501,,,,4088
4088,24516502,24516502,,,,4088
4088,24516503,24516503,,,,4088
4088,24516504,24516504,,,,4088
4090,24516505,24516505,,,,4090
4090,24516506,24516506,,,,4090
4090,24516507,24516507,,,,4090
4090,24516508,24516508,,,,4090
4090,24516509,24516509,,,,4090
4090,24516510,24516510,,,,4090
4090,24516511,24516511,,,,4090
4090,24516512,24516512,,,,4090
4090,24516513,24516513,,,,4090
4090,24516514,24516514,,,,4090
4091,24516515,24516515,,,,4091
4091,24516516,24516516,,,,4091
4091,24516517,24516517,,,,4091
4091,24516518,24516518,,,,4091
4091,24516519,24516519,,,,4091
4091,24516520,24516520,,,,4091
4091,24516521,24516521,,,,4091
4091,24516522,24516522,,,,4091
4091,24516523,24516523,,,,4091
4091,24516524,24516524,,,,4091
4094,24516525,24516525,,,,4094
4094,24516526,24516526,,,,4094
4094,24516527,24516527,,,,4094
4094,24516528,24516528,,,,4094
4094,24516529,24516529,,,,4094
4095,24516530,24516530,,,,4095
4095,24516531,24516531,,,,4095
4095,24516532,24516532,,,,4095
4095,24516533,24516533,,,,4095
4095,24516534,24516534,,,,4095
4095,24516535,24516535,,,,4095
4095,24516536,24516536,,,,4095
4095,24516537,24516537,,,,4095
4098,24516538,24516538,,,,4098
4098,24516540,24516540,,,,4098
4098,24516539,24516539,,,,4098
4098,24516541,24516541,,,,4098
4098,24516542,24516542,,,,4098
4098,24516543,24516543,,,,4098
4098,24516544,24516544,,,,4098
4098,24516545,24516545,,,,4098
4099,24516546,24516546,,,,4099
4099,24516547,24516547,,,,4099
4099,24516548,24516548,,,,4099
4099,24516549,24516549,,,,4099
4099,24516550,24516550,,,,4099
4099,24516551,24516551,,,,4099
4099,24516552,24516552,,,,4099
4100,24516553,24516553,,,,4100
4100,24516556,24516556,,,,4100
4100,24516558,24516558,,,,4100
4100,24516560,24516560,,,,4100
4100,24516563,24516563,,,,4100
4100,24516571,24516571,,,,4100
4100,24516573,24516573,,,,4100
4100,24516575,24516575,,,,4100
4100,24516577,24516577,,,,4100
4100,24516578,24516578,,,,4100
4100,24516579,24516579,,,,4100
4100,24516613,24516613,,,,4100
4100,24516615,24516615,,,,4100
4100,24516617,24516617,,,,4100
4100,24516619,24516619,,,,4100
4100,24516621,24516621,,,,4100
4100,24516623,24516623,,,,4100
4100,24516625,24516625,,,,4100
4100,24516627,24516627,,,,4100
4100,24516629,24516629,,,,4100
4100,24516631,24516631,,,,4100
4100,24516633,24516633,,,,4100
4100,24516635,24516635,,,,4100
4100,24516637,24516637,,,,4100
4100,24516639,24516639,,,,4100
4100,24516641,24516641,,,,4100
4100,24516643,24516643,,,,4100
4100,24516644,24516644,,,,4100
4100,24516645,24516645,,,,4100
4100,24516610,24516610,,,,4100
4100,24516611,24516611,,,,4100
4100,24516612,24516612,,,,4100
4100,24516606,24516606,,,,4100
4100,24516608,24516608,,,,4100
4100,24516598,24516598,,,,4100
4100,24516600,24516600,,,,4100
4100,24516602,24516602,,,,4100
4100,24516604,24516604,,,,4100
4100,24516582,24516582,,,,4100
4100,24516584,24516584,,,,4100
4100,24516586,24516586,,,,4100
4100,24516588,24516588,,,,4100
4100,24516590,24516590,,,,4100
4100,24516592,24516592,,,,4100
4100,24516594,24516594,,,,4100
4100,24516596,24516596,,,,4100
4100,24516580,24516580,,,,4100
4100,24516554,24516554,,,,4100
4100,24516581,24516581,,,,4100
4100,24516583,24516583,,,,4100
4100,24516599,24516599,,,,4100
4100,24516576,24516576,,,,4100
4100,24516574,24516574,,,,4100
4100,24516572,24516572,,,,4100
4100,24516568,24516568,,,,4100
4100,24516569,24516569,,,,4100
4100,24516570,24516570,,,,4100
4100,24516566,24516566,,,,4100
4100,24516555,24516555,,,,4100
4100,24516559,24516559,,,,4100
4100,24516557,24516557,,,,4100
4100,24516564,24516564,,,,4100
4100,24516561,24516561,,,,4100
4100,24516562,24516562,,,,4100
4100,24516614,24516614,,,,4100
4100,24516642,24516642,,,,4100
4100,24516640,24516640,,,,4100
4100,24516638,24516638,,,,4100
4100,24516636,24516636,,,,4100
4100,24516634,24516634,,,,4100
4100,24516632,24516632,,,,4100
4100,24516630,24516630,,,,4100
4100,24516628,24516628,,,,4100
4100,24516626,24516626,,,,4100
4100,24516624,24516624,,,,4100
4100,24516622,24516622,,,,4100
4100,24516620,24516620,,,,4100
4100,24516618,24516618,,,,4100
4100,24516616,24516616,,,,4100
4100,24516609,24516609,,,,4100
4100,24516607,24516607,,,,4100
4100,24516601,24516601,,,,4100
4100,24516605,24516605,,,,4100
4100,24516603,24516603,,,,4100
4100,24516585,24516585,,,,4100
4100,24516589,24516589,,,,4100
4100,24516587,24516587,,,,4100
4100,24516597,24516597,,,,4100
4100,24516595,24516595,,,,4100
4100,24516593,24516593,,,,4100
4100,24516591,24516591,,,,4100
4100,24516565,24516565,,,,4100
4100,24516567,24516567,,,,4100
4101,24516646,24516646,,,,4101
4101,24516647,24516647,,,,4101
4101,24516649,24516649,,,,4101
4101,24516651,24516651,,,,4101
4101,24516663,24516663,,,,4101
4101,24516665,24516665,,,,4101
4101,24516667,24516667,,,,4101
4101,24516672,24516672,,,,4101
4101,24516673,24516673,,,,4101
4101,24516670,24516670,,,,4101
4101,24516706,24516706,,,,4101
4101,24516707,24516707,,,,4101
4101,24516708,24516708,,,,4101
4101,24516710,24516710,,,,4101
4101,24516712,24516712,,,,4101
4101,24516714,24516714,,,,4101
4101,24516716,24516716,,,,4101
4101,24516718,24516718,,,,4101
4101,24516720,24516720,,,,4101
4101,24516722,24516722,,,,4101
4101,24516724,24516724,,,,4101
4101,24516726,24516726,,,,4101
4101,24516728,24516728,,,,4101
4101,24516738,24516738,,,,4101
4101,24516739,24516739,,,,4101
4101,24516730,24516730,,,,4101
4101,24516732,24516732,,,,4101
4101,24516734,24516734,,,,4101
4101,24516736,24516736,,,,4101
4101,24516698,24516698,,,,4101
4101,24516700,24516700,,,,4101
4101,24516702,24516702,,,,4101
4101,24516704,24516704,,,,4101
4101,24516682,24516682,,,,4101
4101,24516684,24516684,,,,4101
4101,24516686,24516686,,,,4101
4101,24516688,24516688,,,,4101
4101,24516690,24516690,,,,4101
4101,24516692,24516692,,,,4101
4101,24516694,24516694,,,,4101
4101,24516696,24516696,,,,4101
4101,24516676,24516676,,,,4101
4101,24516678,24516678,,,,4101
4101,24516680,24516680,,,,4101
4101,24516674,24516674,,,,4101
4101,24516668,24516668,,,,4101
4101,24516669,24516669,,,,4101
4101,24516666,24516666,,,,4101
4101,24516671,24516671,,,,4101
4101,24516664,24516664,,,,4101
4101,24516653,24516653,,,,4101
4101,24516659,24516659,,,,4101
4101,24516650,24516650,,,,4101
4101,24516655,24516655,,,,4101
4101,24516656,24516656,,,,4101
4101,24516657,24516657,,,,4101
4101,24516662,24516662,,,,4101
4101,24516648,24516648,,,,4101
4101,24516731,24516731,,,,4101
4101,24516735,24516735,,,,4101
4101,24516733,24516733,,,,4101
4101,24516729,24516729,,,,4101
4101,24516727,24516727,,,,4101
4101,24516725,24516725,,,,4101
4101,24516723,24516723,,,,4101
4101,24516721,24516721,,,,4101
4101,24516719,24516719,,,,4101
4101,24516717,24516717,,,,4101
4101,24516715,24516715,,,,4101
4101,24516713,24516713,,,,4101
4101,24516711,24516711,,,,4101
4101,24516709,24516709,,,,4101
4101,24516737,24516737,,,,4101
4101,24516703,24516703,,,,4101
4101,24516701,24516701,,,,4101
4101,24516699,24516699,,,,4101
4101,24516697,24516697,,,,4101
4101,24516695,24516695,,,,4101
4101,24516693,24516693,,,,4101
4101,24516691,24516691,,,,4101
4101,24516687,24516687,,,,4101
4101,24516685,24516685,,,,4101
4101,24516683,24516683,,,,4101
4101,24516677,24516677,,,,4101
4101,24516681,24516681,,,,4101
4101,24516679,24516679,,,,4101
4101,24516675,24516675,,,,4101
4101,24516652,24516652,,,,4101
4101,24516654,24516654,,,,4101
4101,24516661,24516661,,,,4101
4101,24516658,24516658,,,,4101
4101,24516660,24516660,,,,4101
4101,24516689,24516689,,,,4101
4101,24516705,24516705,,,,4101
4102,24516740,24516740,,,,4102
4102,24516741,24516741,,,,4102
4102,24516742,24516742,,,,4102
4102,24516743,24516743,,,,4102
4102,24516744,24516744,,,,4102
4102,24516745,24516745,,,,4102
4102,24516746,24516746,,,,4102
4102,24516747,24516747,,,,4102
4102,24516748,24516748,,,,4102
4102,24516749,24516749,,,,4102
4102,24516750,24516750,,,,4102
4102,24516751,24516751,,,,4102
4102,24516752,24516752,,,,4102
4102,24516753,24516753,,,,4102
4102,24516754,24516754,,,,4102
4102,24516755,24516755,,,,4102
4104,24516756,24516756,,,,4104
4104,24516758,24516758,,,,4104
4104,24516759,24516759,,,,4104
4104,24516760,24516760,,,,4104
4104,24516761,24516761,,,,4104
4104,24516762,24516762,,,,4104
4104,24516763,24516763,,,,4104
4104,24516764,24516764,,,,4104
4104,24516765,24516765,,,,4104
4104,24516757,24516757,,,,4104
4104,24516767,24516767,,,,4104
4104,24516768,24516768,,,,4104
4104,24516769,24516769,,,,4104
4104,24516770,24516770,,,,4104
4104,24516771,24516771,,,,4104
4104,24516772,24516772,,,,4104
4104,24516773,24516773,,,,4104
4104,24516766,24516766,,,,4104
4105,24516774,24516774,,,,4105
4105,24516775,24516775,,,,4105
4105,24516776,24516776,,,,4105
4105,24516777,24516777,,,,4105
4105,24516778,24516778,,,,4105
4105,24516779,24516779,,,,4105
4105,24516780,24516780,,,,4105
4105,24516783,24516783,,,,4105
4105,24516784,24516784,,,,4105
4105,24516781,24516781,,,,4105
4105,24516782,24516782,,,,4105
4106,24516785,24516785,,,,4106
4106,24516800,24516800,,,,4106
4106,24516786,24516786,,,,4106
4106,24516787,24516787,,,,4106
4106,24516788,24516788,,,,4106
4106,24516789,24516789,,,,4106
4106,24516790,24516790,,,,4106
4106,24516791,24516791,,,,4106
4106,24516792,24516792,,,,4106
4106,24516793,24516793,,,,4106
4106,24516794,24516794,,,,4106
4106,24516801,24516801,,,,4106
4106,24516802,24516802,,,,4106
4106,24516803,24516803,,,,4106
4106,24516804,24516804,,,,4106
4106,24516805,24516805,,,,4106
4106,24516806,24516806,,,,4106
4106,24516795,24516795,,,,4106
4106,24516796,24516796,,,,4106
4106,24516797,24516797,,,,4106
4106,24516798,24516798,,,,4106
4106,24516799,24516799,,,,4106
4107,24516807,24516807,,,,4107
4107,24516825,24516825,,,,4107
4107,24516808,24516808,,,,4107
4107,24516809,24516809,,,,4107
4107,24516810,24516810,,,,4107
4107,24516811,24516811,,,,4107
4107,24516812,24516812,,,,4107
4107,24516813,24516813,,,,4107
4107,24516814,24516814,,,,4107
4107,24516815,24516815,,,,4107
4107,24516816,24516816,,,,4107
4107,24516817,24516817,,,,4107
4107,24516818,24516818,,,,4107
4107,24516826,24516826,,,,4107
4107,24516827,24516827,,,,4107
4107,24516829,24516829,,,,4107
4107,24516830,24516830,,,,4107
4107,24516832,24516832,,,,4107
4107,24516833,24516833,,,,4107
4107,24516834,24516834,,,,4107
4107,24516819,24516819,,,,4107
4107,24516820,24516820,,,,4107
4107,24516821,24516821,,,,4107
4107,24516822,24516822,,,,4107
4107,24516823,24516823,,,,4107
4107,24516824,24516824,,,,4107
4107,24516828,24516828,,,,4107
4107,24516831,24516831,,,,4107
4108,24516835,24516835,,,,4108
4109,24516836,24516836,,,,4109
4110,24516854,24516854,,,,4110
4110,24516855,24516855,,,,4110
4110,24516856,24516856,,,,4110
4110,24516857,24516857,,,,4110
4110,24516860,24516860,,,,4110
4110,24516861,24516861,,,,4110
4110,24516858,24516858,,,,4110
4110,24516859,24516859,,,,4110
4111,24516862,24516862,,,,4111
4111,24516863,24516863,,,,4111
4111,24516864,24516864,,,,4111
4111,24516865,24516865,,,,4111
4111,24516868,24516868,,,,4111
4111,24516869,24516869,,,,4111
4111,24516866,24516866,,,,4111
4111,24516867,24516867,,,,4111
4112,24516870,24516870,,,,4112
4112,24516871,24516871,,,,4112
4112,24516872,24516872,,,,4112
4112,24516873,24516873,,,,4112
4112,24516874,24516874,,,,4112
4112,24516875,24516875,,,,4112
4112,24516876,24516876,,,,4112
4113,24516877,24516877,,,,4113
4113,24516878,24516878,,,,4113
4113,24516879,24516879,,,,4113
4113,24516880,24516880,,,,4113
4113,24516882,24516882,,,,4113
4113,24516883,24516883,,,,4113
4113,24516884,24516884,,,,4113
4113,24516885,24516885,,,,4113
4113,24516881,24516881,,,,4113
4114,24516886,24516886,,,,4114
4114,24516887,24516887,,,,4114
4114,24516888,24516888,,,,4114
4114,24516889,24516889,,,,4114
4114,24516890,24516890,,,,4114
4114,24516891,24516891,,,,4114
4114,24516892,24516892,,,,4114
4114,24516893,24516893,,,,4114
4114,24516894,24516894,,,,4114
4114,24516895,24516895,,,,4114
4114,24516896,24516896,,,,4114
4114,24516897,24516897,,,,4114
4115,24516898,24516898,,,,4115
4115,24516899,24516899,,,,4115
4115,24516900,24516900,,,,4115
4115,24516901,24516901,,,,4115
4115,24516902,24516902,,,,4115
4115,24516903,24516903,,,,4115
4115,24516904,24516904,,,,4115
4115,24516905,24516905,,,,4115
4116,24516907,24516907,,,,4116
4116,24516908,24516908,,,,4116
4116,24516909,24516909,,,,4116
4116,24516910,24516910,,,,4116
4116,24516911,24516911,,,,4116
4116,24516912,24516912,,,,4116
4116,24516913,24516913,,,,4116
4116,24516915,24516915,,,,4116
4116,24516914,24516914,,,,4116
4116,24516916,24516916,,,,4116
4117,24516917,24516917,,,,4117
4117,24516918,24516918,,,,4117
4117,24516919,24516919,,,,4117
4117,24516920,24516920,,,,4117
4117,24516921,24516921,,,,4117
4117,24516922,24516922,,,,4117
4117,24516923,24516923,,,,4117
4117,24516925,24516925,,,,4117
4117,24516926,24516926,,,,4117
4117,24516927,24516927,,,,4117
4117,24516924,24516924,,,,4117
4117,24516929,24516929,,,,4117
4117,24516928,24516928,,,,4117
4118,24516979,24516979,,,,4118
4118,24516980,24516980,,,,4118
4118,24516981,24516981,,,,4118
4118,24516982,24516982,,,,4118
4118,24516983,24516983,,,,4118
4118,24516984,24516984,,,,4118
4118,24516985,24516985,,,,4118
4118,24516986,24516986,,,,4118
4118,24516987,24516987,,,,4118
4126,24516988,24516988,,,,4126
4126,24516991,24516991,,,,4126
4126,24516992,24516992,,,,4126
4126,24516989,24516989,,,,4126
4126,24516990,24516990,,,,4126
4126,24516994,24516994,,,,4126
4126,24516993,24516993,,,,4126
4127,24516995,24516995,,,,4127
4127,24517001,24517001,,,,4127
4127,24516996,24516996,,,,4127
4127,24516998,24516998,,,,4127
4127,24516999,24516999,,,,4127
4127,24517002,24517002,,,,4127
4127,24516997,24516997,,,,4127
4127,24517000,24517000,,,,4127
4128,24517003,24517003,,,,4128
4128,24517004,24517004,,,,4128
4128,24517005,24517005,,,,4128
4128,24517006,24517006,,,,4128
4128,24517007,24517007,,,,4128
4128,24517008,24517008,,,,4128
4128,24517009,24517009,,,,4128
4128,24517013,24517013,,,,4128
4128,24517014,24517014,,,,4128
4128,24517015,24517015,,,,4128
4128,24517016,24517016,,,,4128
4128,24517010,24517010,,,,4128
4128,24517011,24517011,,,,4128
4128,24517012,24517012,,,,4128
4129,24517017,24517017,,,,4129
4129,24517018,24517018,,,,4129
4129,24517019,24517019,,,,4129
4129,24517020,24517020,,,,4129
4129,24517021,24517021,,,,4129
4129,24517022,24517022,,,,4129
4129,24517023,24517023,,,,4129
4129,24517024,24517024,,,,4129
4129,24517025,24517025,,,,4129
4129,24517029,24517029,,,,4129
4129,24517030,24517030,,,,4129
4129,24517031,24517031,,,,4129
4129,24517032,24517032,,,,4129
4129,24517026,24517026,,,,4129
4129,24517027,24517027,,,,4129
4129,24517028,24517028,,,,4129
4130,24517042,24517042,,,,4130
4130,24517057,24517057,,,,4130
4130,24517059,24517059,,,,4130
4130,24517043,24517043,,,,4130
4130,24517044,24517044,,,,4130
4130,24517045,24517045,,,,4130
4130,24517046,24517046,,,,4130
4130,24517047,24517047,,,,4130
4130,24517048,24517048,,,,4130
4130,24517049,24517049,,,,4130
4130,24517050,24517050,,,,4130
4130,24517051,24517051,,,,4130
4130,24517052,24517052,,,,4130
4130,24517053,24517053,,,,4130
4130,24517054,24517054,,,,4130
4130,24517055,24517055,,,,4130
4130,24517056,24517056,,,,4130
4130,24517060,24517060,,,,4130
4130,24517061,24517061,,,,4130
4130,24517058,24517058,,,,4130
4131,24517073,24517073,,,,4131
4131,24517062,24517062,,,,4131
4131,24517075,24517075,,,,4131
4131,24517063,24517063,,,,4131
4131,24517064,24517064,,,,4131
4131,24517065,24517065,,,,4131
4131,24517066,24517066,,,,4131
4131,24517067,24517067,,,,4131
4131,24517068,24517068,,,,4131
4131,24517069,24517069,,,,4131
4131,24517070,24517070,,,,4131
4131,24517071,24517071,,,,4131
4131,24517072,24517072,,,,4131
4131,24517076,24517076,,,,4131
4131,24517077,24517077,,,,4131
4131,24517074,24517074,,,,4131
4132,24517078,24517078,,,,4132
4132,24517079,24517079,,,,4132
4132,24517080,24517080,,,,4132
4132,24517081,24517081,,,,4132
4132,24517082,24517082,,,,4132
4132,24517083,24517083,,,,4132
4132,24517084,24517084,,,,4132
4132,24517085,24517085,,,,4132
4132,24517086,24517086,,,,4132
4132,24517087,24517087,,,,4132
4133,24517088,24517088,,,,4133
4133,24517089,24517089,,,,4133
4133,24517090,24517090,,,,4133
4133,24517091,24517091,,,,4133
4133,24517092,24517092,,,,4133
4133,24517093,24517093,,,,4133
4133,24517094,24517094,,,,4133
4134,24517095,24517095,,,,4134
4134,24517096,24517096,,,,4134
4134,24517097,24517097,,,,4134
4134,24517098,24517098,,,,4134
4134,24517099,24517099,,,,4134
4134,24517100,24517100,,,,4134
4134,24517101,24517101,,,,4134
4134,24517102,24517102,,,,4134
4134,24517103,24517103,,,,4134
4134,24517104,24517104,,,,4134
4134,24517105,24517105,,,,4134
4134,24517106,24517106,,,,4134
4134,24517107,24517107,,,,4134
4134,24517108,24517108,,,,4134
4134,24517109,24517109,,,,4134
4135,24517110,24517110,,,,4135
4135,24517111,24517111,,,,4135
4135,24517112,24517112,,,,4135
4135,24517113,24517113,,,,4135
4135,24517114,24517114,,,,4135
4135,24517115,24517115,,,,4135
4135,24517116,24517116,,,,4135
4135,24517117,24517117,,,,4135
4135,24517118,24517118,,,,4135
4135,24517119,24517119,,,,4135
4135,24517120,24517120,,,,4135
4135,24517121,24517121,,,,4135
4135,24517122,24517122,,,,4135
4135,24517123,24517123,,,,4135
4135,24517124,24517124,,,,4135
4136,24517125,24517125,,,,4136
4136,24517126,24517126,,,,4136
4136,24517127,24517127,,,,4136
4136,24517128,24517128,,,,4136
4136,24517129,24517129,,,,4136
4138,24517146,24517146,,,,4138
4138,24517147,24517147,,,,4138
4138,24517148,24517148,,,,4138
4138,24517149,24517149,,,,4138
4138,24517150,24517150,,,,4138
4138,24517151,24517151,,,,4138
4138,24517152,24517152,,,,4138
4138,24517153,24517153,,,,4138
4139,24517154,24517154,,,,4139
4139,24517155,24517155,,,,4139
4139,24517156,24517156,,,,4139
4139,24517157,24517157,,,,4139
4139,24517158,24517158,,,,4139
4139,24517159,24517159,,,,4139
4139,24517160,24517160,,,,4139
4139,24517161,24517161,,,,4139
4139,24517162,24517162,,,,4139
4142,24517163,24517163,,,,4142
4142,24517164,24517164,,,,4142
4142,24517165,24517165,,,,4142
4142,24517166,24517166,,,,4142
4142,24517167,24517167,,,,4142
4142,24517168,24517168,,,,4142
4142,24517169,24517169,,,,4142
4143,24517170,24517170,,,,4143
4143,24517171,24517171,,,,4143
4143,24517172,24517172,,,,4143
4143,24517173,24517173,,,,4143
4143,24517174,24517174,,,,4143
4143,24517175,24517175,,,,4143
4143,24517176,24517176,,,,4143
4143,24517177,24517177,,,,4143
4144,24517178,24517178,,,,4144
4144,24517179,24517179,,,,4144
4144,24517180,24517180,,,,4144
4144,24517181,24517181,,,,4144
4144,24517183,24517183,,,,4144
4144,24517184,24517184,,,,4144
4144,24517185,24517185,,,,4144
4144,24517186,24517186,,,,4144
4144,24517190,24517190,,,,4144
4144,24517191,24517191,,,,4144
4144,24517188,24517188,,,,4144
4144,24517189,24517189,,,,4144
4144,24517187,24517187,,,,4144
4144,24517182,24517182,,,,4144
4145,24517192,24517192,,,,4145
4145,24517193,24517193,,,,4145
4145,24517194,24517194,,,,4145
4145,24517202,24517202,,,,4145
4145,24517203,24517203,,,,4145
4145,24517204,24517204,,,,4145
4145,24517205,24517205,,,,4145
4145,24517206,24517206,,,,4145
4145,24517207,24517207,,,,4145
4145,24517196,24517196,,,,4145
4145,24517198,24517198,,,,4145
4145,24517199,24517199,,,,4145
4145,24517200,24517200,,,,4145
4145,24517201,24517201,,,,4145
4145,24517197,24517197,,,,4145
4145,24517208,24517208,,,,4145
4145,24517195,24517195,,,,4145
4146,24517209,24517209,,,,4146
4146,24517210,24517210,,,,4146
4146,24517211,24517211,,,,4146
4146,24517212,24517212,,,,4146
4146,24517213,24517213,,,,4146
4146,24517214,24517214,,,,4146
4146,24517215,24517215,,,,4146
4146,24517216,24517216,,,,4146
4146,24517217,24517217,,,,4146
4146,24517218,24517218,,,,4146
4147,24517219,24517219,,,,4147
4147,24517220,24517220,,,,4147
4147,24517221,24517221,,,,4147
4147,24517222,24517222,,,,4147
4147,24517223,24517223,,,,4147
4151,24517238,24517238,,,,4151
4152,24517316,24517316,,,,4152
4152,24517317,24517317,,,,4152
4152,24517318,24517318,,,,4152
4152,24517319,24517319,,,,4152
4152,24517320,24517320,,,,4152
4152,24517321,24517321,,,,4152
4152,24517322,24517322,,,,4152
4152,24517323,24517323,,,,4152
4152,24517324,24517324,,,,4152
4152,24517325,24517325,,,,4152
4153,24517336,24517336,,,,4153
4153,24517337,24517337,,,,4153
4153,24517338,24517338,,,,4153
4153,24517339,24517339,,,,4153
4153,24517340,24517340,,,,4153
4153,24517326,24517326,,,,4153
4153,24517327,24517327,,,,4153
4153,24517328,24517328,,,,4153
4153,24517329,24517329,,,,4153
4153,24517330,24517330,,,,4153
4154,24517351,24517351,,,,4154
4154,24517352,24517352,,,,4154
4154,24517353,24517353,,,,4154
4154,24517354,24517354,,,,4154
4154,24517355,24517355,,,,4154
4154,24517341,24517341,,,,4154
4154,24517342,24517342,,,,4154
4154,24517343,24517343,,,,4154
4154,24517344,24517344,,,,4154
4154,24517345,24517345,,,,4154
4155,24517414,24517414,,,,4155
4155,24517447,24517447,,,,4155
4155,24517443,24517443,,,,4155
4155,24517356,24517356,,,,4155
4155,24517415,24517415,,,,4155
4155,24517417,24517417,,,,4155
4155,24517419,24517419,,,,4155
4155,24517429,24517429,,,,4155
4155,24517439,24517439,,,,4155
4155,24517371,24517371,,,,4155
4155,24517381,24517381,,,,4155
4155,24517357,24517357,,,,4155
4155,24517359,24517359,,,,4155
4155,24517361,24517361,,,,4155
4155,24517418,24517418,,,,4155
4155,24517416,24517416,,,,4155
4155,24517430,24517430,,,,4155
4155,24517432,24517432,,,,4155
4155,24517434,24517434,,,,4155
4155,24517436,24517436,,,,4155
4155,24517420,24517420,,,,4155
4155,24517422,24517422,,,,4155
4155,24517424,24517424,,,,4155
4155,24517426,24517426,,,,4155
4155,24517440,24517440,,,,4155
4155,24517441,24517441,,,,4155
4155,24517442,24517442,,,,4155
4155,24517428,24517428,,,,4155
4155,24517438,24517438,,,,4155
4155,24517448,24517448,,,,4155
4155,24517449,24517449,,,,4155
4155,24517450,24517450,,,,4155
4155,24517444,24517444,,,,4155
4155,24517445,24517445,,,,4155
4155,24517446,24517446,,,,4155
4155,24517370,24517370,,,,4155
4155,24517380,24517380,,,,4155
4155,24517382,24517382,,,,4155
4155,24517383,24517383,,,,4155
4155,24517384,24517384,,,,4155
4155,24517376,24517376,,,,4155
4155,24517378,24517378,,,,4155
4155,24517372,24517372,,,,4155
4155,24517374,24517374,,,,4155
4155,24517366,24517366,,,,4155
4155,24517368,24517368,,,,4155
4155,24517362,24517362,,,,4155
4155,24517360,24517360,,,,4155
4155,24517364,24517364,,,,4155
4155,24517358,24517358,,,,4155
4155,24517427,24517427,,,,4155
4155,24517425,24517425,,,,4155
4155,24517423,24517423,,,,4155
4155,24517421,24517421,,,,4155
4155,24517437,24517437,,,,4155
4155,24517435,24517435,,,,4155
4155,24517433,24517433,,,,4155
4155,24517431,24517431,,,,4155
4155,24517369,24517369,,,,4155
4155,24517367,24517367,,,,4155
4155,24517375,24517375,,,,4155
4155,24517373,24517373,,,,4155
4155,24517379,24517379,,,,4155
4155,24517377,24517377,,,,4155
4155,24517365,24517365,,,,4155
4155,24517363,24517363,,,,4155
4156,24517505,24517505,,,,4156
4156,24517507,24517507,,,,4156
4156,24517523,24517523,,,,4156
4156,24517527,24517527,,,,4156
4156,24517525,24517525,,,,4156
4156,24517451,24517451,,,,4156
4156,24517453,24517453,,,,4156
4156,24517469,24517469,,,,4156
4156,24517471,24517471,,,,4156
4156,24517473,24517473,,,,4156
4156,24517506,24517506,,,,4156
4156,24517508,24517508,,,,4156
4156,24517510,24517510,,,,4156
4156,24517526,24517526,,,,4156
4156,24517528,24517528,,,,4156
4156,24517529,24517529,,,,4156
4156,24517524,24517524,,,,4156
4156,24517520,24517520,,,,4156
4156,24517512,24517512,,,,4156
4156,24517514,24517514,,,,4156
4156,24517516,24517516,,,,4156
4156,24517518,24517518,,,,4156
4156,24517522,24517522,,,,4156
4156,24517537,24517537,,,,4156
4156,24517539,24517539,,,,4156
4156,24517534,24517534,,,,4156
4156,24517532,24517532,,,,4156
4156,24517468,24517468,,,,4156
4156,24517474,24517474,,,,4156
4156,24517475,24517475,,,,4156
4156,24517472,24517472,,,,4156
4156,24517470,24517470,,,,4156
4156,24517464,24517464,,,,4156
4156,24517466,24517466,,,,4156
4156,24517456,24517456,,,,4156
4156,24517458,24517458,,,,4156
4156,24517460,24517460,,,,4156
4156,24517462,24517462,,,,4156
4156,24517454,24517454,,,,4156
4156,24517452,24517452,,,,4156
4156,24517511,24517511,,,,4156
4156,24517509,24517509,,,,4156
4156,24517519,24517519,,,,4156
4156,24517517,24517517,,,,4156
4156,24517515,24517515,,,,4156
4156,24517513,24517513,,,,4156
4156,24517521,24517521,,,,4156
4156,24517455,24517455,,,,4156
4156,24517463,24517463,,,,4156
4156,24517461,24517461,,,,4156
4156,24517459,24517459,,,,4156
4156,24517457,24517457,,,,4156
4156,24517467,24517467,,,,4156
4156,24517465,24517465,,,,4156
4156,24517530,24517530,,,,4156
4156,24517538,24517538,,,,4156
4156,24517540,24517540,,,,4156
4156,24517535,24517535,,,,4156
4156,24517533,24517533,,,,4156
4156,24517476,24517476,,,,4156
4156,24517531,24517531,,,,4156
4156,24517541,24517541,,,,4156
4156,24517536,24517536,,,,4156
4156,24517477,24517477,,,,4156
4157,24517554,24517554,,,,4157
4157,24517542,24517542,,,,4157
4157,24517555,24517555,,,,4157
4157,24517556,24517556,,,,4157
4157,24517557,24517557,,,,4157
4157,24517558,24517558,,,,4157
4157,24517543,24517543,,,,4157
4157,24517544,24517544,,,,4157
4157,24517545,24517545,,,,4157
4157,24517546,24517546,,,,4157
4157,24517559,24517559,,,,4157
4157,24517547,24517547,,,,4157
4161,24517607,24517607,,,,4161
4161,24517609,24517609,,,,4161
4161,24517610,24517610,,,,4161
4161,24517600,24517600,,,,4161
4161,24517602,24517602,,,,4161
4161,24517587,24517587,,,,4161
4161,24517588,24517588,,,,4161
4161,24517578,24517578,,,,4161
4161,24517580,24517580,,,,4161
4161,24517585,24517585,,,,4161
4161,24517601,24517601,,,,4161
4161,24517608,24517608,,,,4161
4161,24517586,24517586,,,,4161
4161,24517579,24517579,,,,4161
4161,24517603,24517603,,,,4161
4161,24517605,24517605,,,,4161
4161,24517606,24517606,,,,4161
4161,24517581,24517581,,,,4161
4161,24517583,24517583,,,,4161
4161,24517584,24517584,,,,4161
4161,24517604,24517604,,,,4161
4161,24517582,24517582,,,,4161
4162,24517637,24517637,,,,4162
4162,24517638,24517638,,,,4162
4162,24517639,24517639,,,,4162
4162,24517640,24517640,,,,4162
4162,24517641,24517641,,,,4162
4162,24517648,24517648,,,,4162
4162,24517646,24517646,,,,4162
4162,24517622,24517622,,,,4162
4162,24517620,24517620,,,,4162
4162,24517611,24517611,,,,4162
4162,24517612,24517612,,,,4162
4162,24517613,24517613,,,,4162
4162,24517614,24517614,,,,4162
4162,24517615,24517615,,,,4162
4162,24517642,24517642,,,,4162
4162,24517643,24517643,,,,4162
4162,24517645,24517645,,,,4162
4162,24517649,24517649,,,,4162
4162,24517623,24517623,,,,4162
4162,24517616,24517616,,,,4162
4162,24517617,24517617,,,,4162
4162,24517619,24517619,,,,4162
4162,24517644,24517644,,,,4162
4162,24517618,24517618,,,,4162
4162,24517647,24517647,,,,4162
4162,24517621,24517621,,,,4162
4163,24517669,24517669,,,,4163
4163,24517670,24517670,,,,4163
4163,24517663,24517663,,,,4163
4163,24517664,24517664,,,,4163
4163,24517671,24517671,,,,4163
4163,24517665,24517665,,,,4163
4164,24517678,24517678,,,,4164
4164,24517679,24517679,,,,4164
4164,24517680,24517680,,,,4164
4164,24517672,24517672,,,,4164
4164,24517673,24517673,,,,4164
4164,24517674,24517674,,,,4164
4165,24517687,24517687,,,,4165
4165,24517681,24517681,,,,4165
4165,24517688,24517688,,,,4165
4165,24517682,24517682,,,,4165
4165,24517689,24517689,,,,4165
4165,24517683,24517683,,,,4165
4166,24517746,24517746,,,,4166
4166,24517748,24517748,,,,4166
4166,24517750,24517750,,,,4166
4166,24517752,24517752,,,,4166
4166,24517754,24517754,,,,4166
4166,24517756,24517756,,,,4166
4166,24517758,24517758,,,,4166
4166,24517760,24517760,,,,4166
4166,24517762,24517762,,,,4166
4166,24517764,24517764,,,,4166
4166,24517766,24517766,,,,4166
4166,24517768,24517768,,,,4166
4166,24517770,24517770,,,,4166
4166,24517772,24517772,,,,4166
4166,24517795,24517795,,,,4166
4166,24517797,24517797,,,,4166
4166,24517799,24517799,,,,4166
4166,24517801,24517801,,,,4166
4166,24517803,24517803,,,,4166
4166,24517805,24517805,,,,4166
4166,24517807,24517807,,,,4166
4166,24517809,24517809,,,,4166
4166,24517811,24517811,,,,4166
4166,24517813,24517813,,,,4166
4166,24517793,24517793,,,,4166
4166,24517775,24517775,,,,4166
4166,24517777,24517777,,,,4166
4166,24517779,24517779,,,,4166
4166,24517781,24517781,,,,4166
4166,24517783,24517783,,,,4166
4166,24517785,24517785,,,,4166
4166,24517787,24517787,,,,4166
4166,24517789,24517789,,,,4166
4166,24517791,24517791,,,,4166
4166,24517696,24517696,,,,4166
4166,24517698,24517698,,,,4166
4166,24517700,24517700,,,,4166
4166,24517702,24517702,,,,4166
4166,24517704,24517704,,,,4166
4166,24517706,24517706,,,,4166
4166,24517708,24517708,,,,4166
4166,24517710,24517710,,,,4166
4166,24517712,24517712,,,,4166
4166,24517714,24517714,,,,4166
4166,24517716,24517716,,,,4166
4166,24517690,24517690,,,,4166
4166,24517692,24517692,,,,4166
4166,24517694,24517694,,,,4166
4166,24517747,24517747,,,,4166
4166,24517751,24517751,,,,4166
4166,24517749,24517749,,,,4166
4166,24517759,24517759,,,,4166
4166,24517757,24517757,,,,4166
4166,24517755,24517755,,,,4166
4166,24517753,24517753,,,,4166
4166,24517773,24517773,,,,4166
4166,24517771,24517771,,,,4166
4166,24517769,24517769,,,,4166
4166,24517767,24517767,,,,4166
4166,24517765,24517765,,,,4166
4166,24517763,24517763,,,,4166
4166,24517761,24517761,,,,4166
4166,24517794,24517794,,,,4166
4166,24517796,24517796,,,,4166
4166,24517800,24517800,,,,4166
4166,24517798,24517798,,,,4166
4166,24517808,24517808,,,,4166
4166,24517806,24517806,,,,4166
4166,24517804,24517804,,,,4166
4166,24517802,24517802,,,,4166
4166,24517812,24517812,,,,4166
4166,24517810,24517810,,,,4166
4166,24517774,24517774,,,,4166
4166,24517776,24517776,,,,4166
4166,24517792,24517792,,,,4166
4166,24517790,24517790,,,,4166
4166,24517788,24517788,,,,4166
4166,24517786,24517786,,,,4166
4166,24517784,24517784,,,,4166
4166,24517782,24517782,,,,4166
4166,24517780,24517780,,,,4166
4166,24517778,24517778,,,,4166
4166,24517717,24517717,,,,4166
4166,24517715,24517715,,,,4166
4166,24517713,24517713,,,,4166
4166,24517711,24517711,,,,4166
4166,24517709,24517709,,,,4166
4166,24517707,24517707,,,,4166
4166,24517705,24517705,,,,4166
4166,24517703,24517703,,,,4166
4166,24517701,24517701,,,,4166
4166,24517699,24517699,,,,4166
4166,24517697,24517697,,,,4166
4166,24517695,24517695,,,,4166
4166,24517693,24517693,,,,4166
4166,24517691,24517691,,,,4166
4167,24517880,24517880,,,,4167
4167,24517882,24517882,,,,4167
4167,24517884,24517884,,,,4167
4167,24517886,24517886,,,,4167
4167,24517888,24517888,,,,4167
4167,24517890,24517890,,,,4167
4167,24517892,24517892,,,,4167
4167,24517894,24517894,,,,4167
4167,24517896,24517896,,,,4167
4167,24517898,24517898,,,,4167
4167,24517900,24517900,,,,4167
4167,24517902,24517902,,,,4167
4167,24517904,24517904,,,,4167
4167,24517906,24517906,,,,4167
4167,24517908,24517908,,,,4167
4167,24517910,24517910,,,,4167
4167,24517935,24517935,,,,4167
4167,24517937,24517937,,,,4167
4167,24517939,24517939,,,,4167
4167,24517941,24517941,,,,4167
4167,24517943,24517943,,,,4167
4167,24517945,24517945,,,,4167
4167,24517947,24517947,,,,4167
4167,24517949,24517949,,,,4167
4167,24517951,24517951,,,,4167
4167,24517955,24517955,,,,4167
4167,24517953,24517953,,,,4167
4167,24517933,24517933,,,,4167
4167,24517925,24517925,,,,4167
4167,24517927,24517927,,,,4167
4167,24517929,24517929,,,,4167
4167,24517931,24517931,,,,4167
4167,24517913,24517913,,,,4167
4167,24517915,24517915,,,,4167
4167,24517917,24517917,,,,4167
4167,24517919,24517919,,,,4167
4167,24517921,24517921,,,,4167
4167,24517923,24517923,,,,4167
4167,24517826,24517826,,,,4167
4167,24517828,24517828,,,,4167
4167,24517830,24517830,,,,4167
4167,24517832,24517832,,,,4167
4167,24517834,24517834,,,,4167
4167,24517836,24517836,,,,4167
4167,24517838,24517838,,,,4167
4167,24517840,24517840,,,,4167
4167,24517842,24517842,,,,4167
4167,24517844,24517844,,,,4167
4167,24517814,24517814,,,,4167
4167,24517816,24517816,,,,4167
4167,24517818,24517818,,,,4167
4167,24517820,24517820,,,,4167
4167,24517822,24517822,,,,4167
4167,24517824,24517824,,,,4167
4167,24517883,24517883,,,,4167
4167,24517881,24517881,,,,4167
4167,24517891,24517891,,,,4167
4167,24517889,24517889,,,,4167
4167,24517887,24517887,,,,4167
4167,24517885,24517885,,,,4167
4167,24517911,24517911,,,,4167
4167,24517909,24517909,,,,4167
4167,24517907,24517907,,,,4167
4167,24517905,24517905,,,,4167
4167,24517903,24517903,,,,4167
4167,24517901,24517901,,,,4167
4167,24517899,24517899,,,,4167
4167,24517897,24517897,,,,4167
4167,24517895,24517895,,,,4167
4167,24517893,24517893,,,,4167
4167,24517936,24517936,,,,4167
4167,24517940,24517940,,,,4167
4167,24517938,24517938,,,,4167
4167,24517956,24517956,,,,4167
4167,24517952,24517952,,,,4167
4167,24517950,24517950,,,,4167
4167,24517948,24517948,,,,4167
4167,24517946,24517946,,,,4167
4167,24517944,24517944,,,,4167
4167,24517942,24517942,,,,4167
4167,24517954,24517954,,,,4167
4167,24517934,24517934,,,,4167
4167,24517932,24517932,,,,4167
4167,24517930,24517930,,,,4167
4167,24517928,24517928,,,,4167
4167,24517926,24517926,,,,4167
4167,24517916,24517916,,,,4167
4167,24517914,24517914,,,,4167
4167,24517924,24517924,,,,4167
4167,24517922,24517922,,,,4167
4167,24517920,24517920,,,,4167
4167,24517918,24517918,,,,4167
4167,24517845,24517845,,,,4167
4167,24517843,24517843,,,,4167
4167,24517841,24517841,,,,4167
4167,24517839,24517839,,,,4167
4167,24517837,24517837,,,,4167
4167,24517835,24517835,,,,4167
4167,24517833,24517833,,,,4167
4167,24517831,24517831,,,,4167
4167,24517829,24517829,,,,4167
4167,24517827,24517827,,,,4167
4167,24517825,24517825,,,,4167
4167,24517823,24517823,,,,4167
4167,24517821,24517821,,,,4167
4167,24517819,24517819,,,,4167
4167,24517817,24517817,,,,4167
4167,24517815,24517815,,,,4167
4167,24517912,24517912,,,,4167
4167,24517846,24517846,,,,4167
4168,24517971,24517971,,,,4168
4168,24517969,24517969,,,,4168
4168,24517959,24517959,,,,4168
4168,24517957,24517957,,,,4168
4168,24517972,24517972,,,,4168
4168,24517973,24517973,,,,4168
4168,24517974,24517974,,,,4168
4168,24517970,24517970,,,,4168
4168,24517960,24517960,,,,4168
4168,24517961,24517961,,,,4168
4168,24517962,24517962,,,,4168
4168,24517958,24517958,,,,4168
4169,24517985,24517985,,,,4169
4169,24517986,24517986,,,,4169
4169,24517987,24517987,,,,4169
4169,24517988,24517988,,,,4169
4169,24517975,24517975,,,,4169
4169,24517976,24517976,,,,4169
4169,24517977,24517977,,,,4169
4169,24517978,24517978,,,,4169
4169,24517989,24517989,,,,4169
4169,24517979,24517979,,,,4169
4170,24517992,24517992,,,,4170
4170,24517990,24517990,,,,4170
4172,24518046,24518046,,,,4172
4172,24518047,24518047,,,,4172
4172,24518048,24518048,,,,4172
4172,24518049,24518049,,,,4172
4172,24518050,24518050,,,,4172
4172,24518052,24518052,,,,4172
4172,24518051,24518051,,,,4172
4172,24518036,24518036,,,,4172
4172,24518037,24518037,,,,4172
4172,24518038,24518038,,,,4172
4172,24518039,24518039,,,,4172
4172,24518040,24518040,,,,4172
4173,24518065,24518065,,,,4173
4173,24518053,24518053,,,,4173
4173,24518066,24518066,,,,4173
4173,24518067,24518067,,,,4173
4173,24518068,24518068,,,,4173
4173,24518069,24518069,,,,4173
4173,24518070,24518070,,,,4173
4173,24518072,24518072,,,,4173
4173,24518071,24518071,,,,4173
4173,24518054,24518054,,,,4173
4173,24518055,24518055,,,,4173
4173,24518056,24518056,,,,4173
4173,24518057,24518057,,,,4173
4173,24518058,24518058,,,,4173
4174,24518139,24518139,,,,4174
4174,24518073,24518073,,,,4174
4174,24518140,24518140,,,,4174
4174,24518142,24518142,,,,4174
4174,24518144,24518144,,,,4174
4174,24518146,24518146,,,,4174
4174,24518148,24518148,,,,4174
4174,24518150,24518150,,,,4174
4174,24518154,24518154,,,,4174
4174,24518155,24518155,,,,4174
4174,24518156,24518156,,,,4174
4174,24518152,24518152,,,,4174
4174,24518158,24518158,,,,4174
4174,24518160,24518160,,,,4174
4174,24518162,24518162,,,,4174
4174,24518166,24518166,,,,4174
4174,24518164,24518164,,,,4174
4174,24518100,24518100,,,,4174
4174,24518098,24518098,,,,4174
4174,24518086,24518086,,,,4174
4174,24518092,24518092,,,,4174
4174,24518094,24518094,,,,4174
4174,24518096,24518096,,,,4174
4174,24518076,24518076,,,,4174
4174,24518078,24518078,,,,4174
4174,24518080,24518080,,,,4174
4174,24518082,24518082,,,,4174
4174,24518084,24518084,,,,4174
4174,24518088,24518088,,,,4174
4174,24518089,24518089,,,,4174
4174,24518090,24518090,,,,4174
4174,24518074,24518074,,,,4174
4174,24518143,24518143,,,,4174
4174,24518141,24518141,,,,4174
4174,24518153,24518153,,,,4174
4174,24518151,24518151,,,,4174
4174,24518149,24518149,,,,4174
4174,24518147,24518147,,,,4174
4174,24518145,24518145,,,,4174
4174,24518087,24518087,,,,4174
4174,24518085,24518085,,,,4174
4174,24518083,24518083,,,,4174
4174,24518081,24518081,,,,4174
4174,24518079,24518079,,,,4174
4174,24518077,24518077,,,,4174
4174,24518075,24518075,,,,4174
4174,24518159,24518159,,,,4174
4174,24518157,24518157,,,,4174
4174,24518165,24518165,,,,4174
4174,24518167,24518167,,,,4174
4174,24518163,24518163,,,,4174
4174,24518161,24518161,,,,4174
4174,24518099,24518099,,,,4174
4174,24518101,24518101,,,,4174
4174,24518093,24518093,,,,4174
4174,24518097,24518097,,,,4174
4174,24518095,24518095,,,,4174
4174,24518091,24518091,,,,4174
4174,24518168,24518168,,,,4174
4174,24518180,24518180,,,,4174
4174,24518102,24518102,,,,4174
4174,24518169,24518169,,,,4174
4174,24518170,24518170,,,,4174
4174,24518173,24518173,,,,4174
4174,24518175,24518175,,,,4174
4174,24518103,24518103,,,,4174
4174,24518104,24518104,,,,4174
4174,24518171,24518171,,,,4174
4174,24518105,24518105,,,,4174
4174,24518172,24518172,,,,4174
4174,24518179,24518179,,,,4174
4174,24518174,24518174,,,,4174
4174,24518181,24518181,,,,4174
4174,24518182,24518182,,,,4174
4174,24518176,24518176,,,,4174
4174,24518177,24518177,,,,4174
4174,24518183,24518183,,,,4174
4174,24518178,24518178,,,,4174
4175,24518216,24518216,,,,4175
4175,24518218,24518218,,,,4175
4175,24518220,24518220,,,,4175
4175,24518222,24518222,,,,4175
4175,24518224,24518224,,,,4175
4175,24518184,24518184,,,,4175
4175,24518186,24518186,,,,4175
4175,24518188,24518188,,,,4175
4175,24518190,24518190,,,,4175
4175,24518192,24518192,,,,4175
4175,24518194,24518194,,,,4175
4175,24518217,24518217,,,,4175
4175,24518221,24518221,,,,4175
4175,24518219,24518219,,,,4175
4175,24518225,24518225,,,,4175
4175,24518226,24518226,,,,4175
4175,24518227,24518227,,,,4175
4175,24518223,24518223,,,,4175
4175,24518195,24518195,,,,4175
4175,24518196,24518196,,,,4175
4175,24518197,24518197,,,,4175
4175,24518193,24518193,,,,4175
4175,24518191,24518191,,,,4175
4175,24518189,24518189,,,,4175
4175,24518187,24518187,,,,4175
4175,24518185,24518185,,,,4175
4175,24518228,24518228,,,,4175
4175,24518229,24518229,,,,4175
4175,24518232,24518232,,,,4175
4175,24518199,24518199,,,,4175
4175,24518198,24518198,,,,4175
4175,24518230,24518230,,,,4175
4175,24518200,24518200,,,,4175
4175,24518231,24518231,,,,4175
4175,24518239,24518239,,,,4175
4175,24518240,24518240,,,,4175
4175,24518233,24518233,,,,4175
4175,24518234,24518234,,,,4175
4175,24518241,24518241,,,,4175
4175,24518235,24518235,,,,4175
4175,24518236,24518236,,,,4175
4175,24518238,24518238,,,,4175
4175,24518237,24518237,,,,4175
4178,24518278,24518278,,,,4178
4178,24518279,24518279,,,,4178
4178,24518281,24518281,,,,4178
4178,24518283,24518283,,,,4178
4178,24518285,24518285,,,,4178
4178,24518287,24518287,,,,4178
4178,24518289,24518289,,,,4178
4178,24518296,24518296,,,,4178
4178,24518249,24518249,,,,4178
4178,24518251,24518251,,,,4178
4178,24518253,24518253,,,,4178
4178,24518242,24518242,,,,4178
4178,24518243,24518243,,,,4178
4178,24518245,24518245,,,,4178
4178,24518247,24518247,,,,4178
4178,24518284,24518284,,,,4178
4178,24518282,24518282,,,,4178
4178,24518280,24518280,,,,4178
4178,24518294,24518294,,,,4178
4178,24518290,24518290,,,,4178
4178,24518291,24518291,,,,4178
4178,24518292,24518292,,,,4178
4178,24518288,24518288,,,,4178
4178,24518286,24518286,,,,4178
4178,24518303,24518303,,,,4178
4178,24518304,24518304,,,,4178
4178,24518300,24518300,,,,4178
4178,24518297,24518297,,,,4178
4178,24518298,24518298,,,,4178
4178,24518258,24518258,,,,4178
4178,24518254,24518254,,,,4178
4178,24518255,24518255,,,,4178
4178,24518256,24518256,,,,4178
4178,24518252,24518252,,,,4178
4178,24518250,24518250,,,,4178
4178,24518248,24518248,,,,4178
4178,24518246,24518246,,,,4178
4178,24518244,24518244,,,,4178
4178,24518295,24518295,,,,4178
4178,24518293,24518293,,,,4178
4178,24518305,24518305,,,,4178
4178,24518301,24518301,,,,4178
4178,24518299,24518299,,,,4178
4178,24518259,24518259,,,,4178
4178,24518257,24518257,,,,4178
4178,24518302,24518302,,,,4178
4180,24518318,24518318,,,,4180
4180,24518319,24518319,,,,4180
4180,24518320,24518320,,,,4180
4180,24518321,24518321,,,,4180
4180,24518322,24518322,,,,4180
4180,24518323,24518323,,,,4180
4180,24518327,24518327,,,,4180
4180,24518328,24518328,,,,4180
4180,24518329,24518329,,,,4180
4180,24518324,24518324,,,,4180
4180,24518325,24518325,,,,4180
4180,24518326,24518326,,,,4180
4180,24518306,24518306,,,,4180
4180,24518307,24518307,,,,4180
4180,24518308,24518308,,,,4180
4180,24518309,24518309,,,,4180
4180,24518310,24518310,,,,4180
4180,24518311,24518311,,,,4180
4181,24518342,24518342,,,,4181
4181,24518343,24518343,,,,4181
4181,24518344,24518344,,,,4181
4181,24518345,24518345,,,,4181
4181,24518346,24518346,,,,4181
4181,24518347,24518347,,,,4181
4181,24518351,24518351,,,,4181
4181,24518352,24518352,,,,4181
4181,24518353,24518353,,,,4181
4181,24518348,24518348,,,,4181
4181,24518349,24518349,,,,4181
4181,24518350,24518350,,,,4181
4181,24518330,24518330,,,,4181
4181,24518331,24518331,,,,4181
4181,24518332,24518332,,,,4181
4181,24518333,24518333,,,,4181
4181,24518334,24518334,,,,4181
4181,24518335,24518335,,,,4181
4182,24518362,24518362,,,,4182
4182,24518363,24518363,,,,4182
4182,24518364,24518364,,,,4182
4182,24518365,24518365,,,,4182
4182,24518367,24518367,,,,4182
4182,24518366,24518366,,,,4182
4182,24518354,24518354,,,,4182
4182,24518355,24518355,,,,4182
4182,24518356,24518356,,,,4182
4182,24518357,24518357,,,,4182
4183,24518374,24518374,,,,4183
4183,24518375,24518375,,,,4183
4183,24518376,24518376,,,,4183
4183,24518378,24518378,,,,4183
4183,24518377,24518377,,,,4183
4183,24518368,24518368,,,,4183
4183,24518369,24518369,,,,4183
4183,24518370,24518370,,,,4183
4184,24518387,24518387,,,,4184
4184,24518388,24518388,,,,4184
4184,24518389,24518389,,,,4184
4184,24518390,24518390,,,,4184
4184,24518392,24518392,,,,4184
4184,24518391,24518391,,,,4184
4184,24518379,24518379,,,,4184
4184,24518380,24518380,,,,4184
4184,24518381,24518381,,,,4184
4184,24518382,24518382,,,,4184
4185,24518399,24518399,,,,4185
4185,24518400,24518400,,,,4185
4185,24518401,24518401,,,,4185
4185,24518403,24518403,,,,4185
4185,24518402,24518402,,,,4185
4185,24518393,24518393,,,,4185
4185,24518394,24518394,,,,4185
4185,24518395,24518395,,,,4185
4186,24518414,24518414,,,,4186
4186,24518404,24518404,,,,4186
4186,24518415,24518415,,,,4186
4186,24518416,24518416,,,,4186
4186,24518417,24518417,,,,4186
4186,24518405,24518405,,,,4186
4186,24518406,24518406,,,,4186
4186,24518407,24518407,,,,4186
4186,24518418,24518418,,,,4186
4186,24518408,24518408,,,,4186
4187,24518427,24518427,,,,4187
4187,24518425,24518425,,,,4187
4187,24518419,24518419,,,,4187
4187,24518421,24518421,,,,4187
4187,24518426,24518426,,,,4187
4187,24518420,24518420,,,,4187
4188,24518438,24518438,,,,4188
4188,24518439,24518439,,,,4188
4188,24518440,24518440,,,,4188
4188,24518441,24518441,,,,4188
4188,24518442,24518442,,,,4188
4188,24518446,24518446,,,,4188
4188,24518447,24518447,,,,4188
4188,24518448,24518448,,,,4188
4188,24518449,24518449,,,,4188
4188,24518443,24518443,,,,4188
4188,24518444,24518444,,,,4188
4188,24518445,24518445,,,,4188
4188,24518428,24518428,,,,4188
4188,24518429,24518429,,,,4188
4188,24518430,24518430,,,,4188
4188,24518431,24518431,,,,4188
4188,24518432,24518432,,,,4188
4189,24518460,24518460,,,,4189
4189,24518461,24518461,,,,4189
4189,24518462,24518462,,,,4189
4189,24518463,24518463,,,,4189
4189,24518464,24518464,,,,4189
4189,24518468,24518468,,,,4189
4189,24518469,24518469,,,,4189
4189,24518470,24518470,,,,4189
4189,24518465,24518465,,,,4189
4189,24518466,24518466,,,,4189
4189,24518467,24518467,,,,4189
4189,24518450,24518450,,,,4189
4189,24518451,24518451,,,,4189
4189,24518452,24518452,,,,4189
4189,24518453,24518453,,,,4189
4189,24518454,24518454,,,,4189
4190,24518487,24518487,,,,4190
4190,24518488,24518488,,,,4190
4190,24518489,24518489,,,,4190
4190,24518490,24518490,,,,4190
4190,24518491,24518491,,,,4190
4190,24518492,24518492,,,,4190
4190,24518493,24518493,,,,4190
4190,24518494,24518494,,,,4190
4190,24518497,24518497,,,,4190
4190,24518498,24518498,,,,4190
4190,24518495,24518495,,,,4190
4190,24518496,24518496,,,,4190
4190,24518471,24518471,,,,4190
4190,24518472,24518472,,,,4190
4190,24518473,24518473,,,,4190
4190,24518474,24518474,,,,4190
4190,24518475,24518475,,,,4190
4190,24518476,24518476,,,,4190
4190,24518477,24518477,,,,4190
4190,24518478,24518478,,,,4190
4191,24518518,24518518,,,,4191
4191,24518519,24518519,,,,4191
4191,24518520,24518520,,,,4191
4191,24518521,24518521,,,,4191
4191,24518522,24518522,,,,4191
4191,24518515,24518515,,,,4191
4191,24518516,24518516,,,,4191
4191,24518525,24518525,,,,4191
4191,24518526,24518526,,,,4191
4191,24518527,24518527,,,,4191
4191,24518523,24518523,,,,4191
4191,24518524,24518524,,,,4191
4191,24518499,24518499,,,,4191
4191,24518500,24518500,,,,4191
4191,24518502,24518502,,,,4191
4191,24518503,24518503,,,,4191
4191,24518504,24518504,,,,4191
4191,24518505,24518505,,,,4191
4191,24518506,24518506,,,,4191
4191,24518517,24518517,,,,4191
4191,24518501,24518501,,,,4191
4194,24518536,24518536,,,,4194
4194,24518537,24518537,,,,4194
4194,24518538,24518538,,,,4194
4194,24518542,24518542,,,,4194
4194,24518540,24518540,,,,4194
4194,24518528,24518528,,,,4194
4194,24518529,24518529,,,,4194
4194,24518530,24518530,,,,4194
4194,24518539,24518539,,,,4194
4194,24518543,24518543,,,,4194
4194,24518541,24518541,,,,4194
4194,24518531,24518531,,,,4194
4195,24518556,24518556,,,,4195
4195,24518557,24518557,,,,4195
4195,24518558,24518558,,,,4195
4195,24518559,24518559,,,,4195
4195,24518560,24518560,,,,4195
4195,24518564,24518564,,,,4195
4195,24518562,24518562,,,,4195
4195,24518544,24518544,,,,4195
4195,24518545,24518545,,,,4195
4195,24518546,24518546,,,,4195
4195,24518547,24518547,,,,4195
4195,24518548,24518548,,,,4195
4195,24518561,24518561,,,,4195
4195,24518565,24518565,,,,4195
4195,24518563,24518563,,,,4195
4195,24518549,24518549,,,,4195
4196,24518570,24518570,,,,4196
4196,24518566,24518566,,,,4196
4196,24518571,24518571,,,,4196
4196,24518572,24518572,,,,4196
4196,24518567,24518567,,,,4196
4197,24518575,24518575,,,,4197
4197,24518573,24518573,,,,4197
4197,24518576,24518576,,,,4197
4198,24518585,24518585,,,,4198
4198,24518587,24518587,,,,4198
4198,24518588,24518588,,,,4198
4198,24518579,24518579,,,,4198
4198,24518580,24518580,,,,4198
4198,24518577,24518577,,,,4198
4198,24518586,24518586,,,,4198
4198,24518578,24518578,,,,4198
4202,24518601,24518601,,,,4202
4202,24518589,24518589,,,,4202
4202,24518602,24518602,,,,4202
4202,24518603,24518603,,,,4202
4202,24518604,24518604,,,,4202
4202,24518605,24518605,,,,4202
4202,24518590,24518590,,,,4202
4202,24518591,24518591,,,,4202
4202,24518592,24518592,,,,4202
4202,24518593,24518593,,,,4202
4202,24518606,24518606,,,,4202
4202,24518594,24518594,,,,4202
4203,24518615,24518615,,,,4203
4203,24518607,24518607,,,,4203
4203,24518616,24518616,,,,4203
4203,24518617,24518617,,,,4203
4203,24518618,24518618,,,,4203
4203,24518608,24518608,,,,4203
4203,24518609,24518609,,,,4203
4203,24518610,24518610,,,,4203
4204,24518633,24518633,,,,4204
4204,24518634,24518634,,,,4204
4204,24518637,24518637,,,,4204
4204,24518638,24518638,,,,4204
4204,24518639,24518639,,,,4204
4204,24518623,24518623,,,,4204
4204,24518624,24518624,,,,4204
4204,24518625,24518625,,,,4204
4204,24518619,24518619,,,,4204
4204,24518620,24518620,,,,4204
4204,24518635,24518635,,,,4204
4204,24518621,24518621,,,,4204
4204,24518636,24518636,,,,4204
4204,24518622,24518622,,,,4204
4206,24518646,24518646,,,,4206
4206,24518640,24518640,,,,4206
4206,24518647,24518647,,,,4206
4206,24518648,24518648,,,,4206
4206,24518641,24518641,,,,4206
4206,24518642,24518642,,,,4206
4208,24518741,24518741,,,,4208
4208,24518743,24518743,,,,4208
4208,24518746,24518746,,,,4208
4208,24518748,24518748,,,,4208
4208,24518750,24518750,,,,4208
4208,24518752,24518752,,,,4208
4208,24518754,24518754,,,,4208
4208,24518756,24518756,,,,4208
4208,24518758,24518758,,,,4208
4208,24518760,24518760,,,,4208
4208,24518762,24518762,,,,4208
4208,24518766,24518766,,,,4208
4208,24518764,24518764,,,,4208
4208,24518687,24518687,,,,4208
4208,24518689,24518689,,,,4208
4208,24518692,24518692,,,,4208
4208,24518694,24518694,,,,4208
4208,24518696,24518696,,,,4208
4208,24518698,24518698,,,,4208
4208,24518700,24518700,,,,4208
4208,24518702,24518702,,,,4208
4208,24518704,24518704,,,,4208
4208,24518706,24518706,,,,4208
4208,24518708,24518708,,,,4208
4208,24518710,24518710,,,,4208
4208,24518712,24518712,,,,4208
4208,24518747,24518747,,,,4208
4208,24518745,24518745,,,,4208
4208,24518742,24518742,,,,4208
4208,24518765,24518765,,,,4208
4208,24518767,24518767,,,,4208
4208,24518763,24518763,,,,4208
4208,24518761,24518761,,,,4208
4208,24518759,24518759,,,,4208
4208,24518757,24518757,,,,4208
4208,24518755,24518755,,,,4208
4208,24518753,24518753,,,,4208
4208,24518749,24518749,,,,4208
4208,24518751,24518751,,,,4208
4208,24518691,24518691,,,,4208
4208,24518713,24518713,,,,4208
4208,24518711,24518711,,,,4208
4208,24518709,24518709,,,,4208
4208,24518707,24518707,,,,4208
4208,24518705,24518705,,,,4208
4208,24518703,24518703,,,,4208
4208,24518701,24518701,,,,4208
4208,24518699,24518699,,,,4208
4208,24518697,24518697,,,,4208
4208,24518695,24518695,,,,4208
4208,24518693,24518693,,,,4208
4208,24518688,24518688,,,,4208
4208,24518744,24518744,,,,4208
4208,24518690,24518690,,,,4208
4209,24518811,24518811,,,,4209
4209,24518813,24518813,,,,4209
4209,24518815,24518815,,,,4209
4209,24518817,24518817,,,,4209
4209,24518830,24518830,,,,4209
4209,24518819,24518819,,,,4209
4209,24518821,24518821,,,,4209
4209,24518822,24518822,,,,4209
4209,24518824,24518824,,,,4209
4209,24518826,24518826,,,,4209
4209,24518828,24518828,,,,4209
4209,24518768,24518768,,,,4209
4209,24518770,24518770,,,,4209
4209,24518772,24518772,,,,4209
4209,24518774,24518774,,,,4209
4209,24518776,24518776,,,,4209
4209,24518778,24518778,,,,4209
4209,24518779,24518779,,,,4209
4209,24518781,24518781,,,,4209
4209,24518783,24518783,,,,4209
4209,24518785,24518785,,,,4209
4209,24518787,24518787,,,,4209
4209,24518818,24518818,,,,4209
4209,24518814,24518814,,,,4209
4209,24518812,24518812,,,,4209
4209,24518831,24518831,,,,4209
4209,24518829,24518829,,,,4209
4209,24518827,24518827,,,,4209
4209,24518825,24518825,,,,4209
4209,24518823,24518823,,,,4209
4209,24518820,24518820,,,,4209
4209,24518788,24518788,,,,4209
4209,24518789,24518789,,,,4209
4209,24518786,24518786,,,,4209
4209,24518784,24518784,,,,4209
4209,24518782,24518782,,,,4209
4209,24518780,24518780,,,,4209
4209,24518777,24518777,,,,4209
4209,24518775,24518775,,,,4209
4209,24518771,24518771,,,,4209
4209,24518769,24518769,,,,4209
4209,24518816,24518816,,,,4209
4209,24518773,24518773,,,,4209
4210,24518848,24518848,,,,4210
4210,24518849,24518849,,,,4210
4210,24518850,24518850,,,,4210
4210,24518851,24518851,,,,4210
4210,24518852,24518852,,,,4210
4210,24518853,24518853,,,,4210
4210,24518854,24518854,,,,4210
4210,24518855,24518855,,,,4210
4210,24518857,24518857,,,,4210
4210,24518858,24518858,,,,4210
4210,24518856,24518856,,,,4210
4210,24518832,24518832,,,,4210
4210,24518833,24518833,,,,4210
4210,24518834,24518834,,,,4210
4210,24518835,24518835,,,,4210
4210,24518836,24518836,,,,4210
4210,24518837,24518837,,,,4210
4210,24518838,24518838,,,,4210
4210,24518839,24518839,,,,4210
4211,24518885,24518885,,,,4211
4211,24518887,24518887,,,,4211
4211,24518889,24518889,,,,4211
4211,24518893,24518893,,,,4211
4211,24518894,24518894,,,,4211
4211,24518895,24518895,,,,4211
4211,24518896,24518896,,,,4211
4211,24518897,24518897,,,,4211
4211,24518891,24518891,,,,4211
4211,24518899,24518899,,,,4211
4211,24518898,24518898,,,,4211
4211,24518859,24518859,,,,4211
4211,24518861,24518861,,,,4211
4211,24518863,24518863,,,,4211
4211,24518865,24518865,,,,4211
4211,24518867,24518867,,,,4211
4211,24518868,24518868,,,,4211
4211,24518869,24518869,,,,4211
4211,24518870,24518870,,,,4211
4211,24518871,24518871,,,,4211
4211,24518886,24518886,,,,4211
4211,24518890,24518890,,,,4211
4211,24518888,24518888,,,,4211
4211,24518892,24518892,,,,4211
4211,24518866,24518866,,,,4211
4211,24518864,24518864,,,,4211
4211,24518862,24518862,,,,4211
4211,24518860,24518860,,,,4211
4212,24518918,24518918,,,,4212
4212,24518919,24518919,,,,4212
4212,24518910,24518910,,,,4212
4212,24518913,24518913,,,,4212
4212,24518914,24518914,,,,4212
4212,24518915,24518915,,,,4212
4212,24518916,24518916,,,,4212
4212,24518917,24518917,,,,4212
4212,24518911,24518911,,,,4212
4212,24518923,24518923,,,,4212
4212,24518924,24518924,,,,4212
4212,24518925,24518925,,,,4212
4212,24518912,24518912,,,,4212
4212,24518926,24518926,,,,4212
4212,24518920,24518920,,,,4212
4212,24518921,24518921,,,,4212
4212,24518922,24518922,,,,4212
4213,24518934,24518934,,,,4213
4213,24518935,24518935,,,,4213
4213,24518936,24518936,,,,4213
4213,24518937,24518937,,,,4213
4213,24518938,24518938,,,,4213
4213,24518939,24518939,,,,4213
4213,24518940,24518940,,,,4213
4213,24518943,24518943,,,,4213
4213,24518944,24518944,,,,4213
4213,24518941,24518941,,,,4213
4213,24518942,24518942,,,,4213
4214,24518976,24518976,,,,4214
4214,24518984,24518984,,,,4214
4214,24518986,24518986,,,,4214
4214,24518977,24518977,,,,4214
4214,24518978,24518978,,,,4214
4214,24518979,24518979,,,,4214
4214,24518980,24518980,,,,4214
4214,24518981,24518981,,,,4214
4214,24518982,24518982,,,,4214
4214,24518983,24518983,,,,4214
4214,24518985,24518985,,,,4214
4216,24518990,24518990,,,,4216
4216,24518991,24518991,,,,4216
4216,24518992,24518992,,,,4216
4217,24518995,24518995,,,,4217
4217,24518996,24518996,,,,4217
4218,24519003,24519003,,,,4218
4218,24519004,24519004,,,,4218
4218,24519005,24519005,,,,4218
4218,24519006,24519006,,,,4218
4218,24519007,24519007,,,,4218
4218,24519008,24519008,,,,4218
4219,24519015,24519015,,,,4219
4219,24519016,24519016,,,,4219
4219,24519017,24519017,,,,4219
4219,24519018,24519018,,,,4219
4219,24519019,24519019,,,,4219
4219,24519020,24519020,,,,4219
4220,24519029,24519029,,,,4220
4220,24519030,24519030,,,,4220
4220,24519034,24519034,,,,4220
4220,24519031,24519031,,,,4220
4220,24519032,24519032,,,,4220
4220,24519033,24519033,,,,4220
4220,24519035,24519035,,,,4220
4220,24519036,24519036,,,,4220
4220,24519039,24519039,,,,4220
4220,24519037,24519037,,,,4220
4220,24519038,24519038,,,,4220
4221,24519052,24519052,,,,4221
4221,24519053,24519053,,,,4221
4221,24519057,24519057,,,,4221
4221,24519058,24519058,,,,4221
4221,24519050,24519050,,,,4221
4221,24519051,24519051,,,,4221
4221,24519054,24519054,,,,4221
4221,24519055,24519055,,,,4221
4221,24519056,24519056,,,,4221
4221,24519059,24519059,,,,4221
4221,24519063,24519063,,,,4221
4221,24519060,24519060,,,,4221
4221,24519061,24519061,,,,4221
4221,24519062,24519062,,,,4221
4222,24519065,24519065,,,,4222
4222,24519066,24519066,,,,4222
4222,24519068,24519068,,,,4222
4222,24519069,24519069,,,,4222
4222,24519067,24519067,,,,4222
4223,24519070,24519070,,,,4223
4223,24519072,24519072,,,,4223
4223,24519073,24519073,,,,4223
4223,24519071,24519071,,,,4223
4224,24519157,24519157,,,,4224
4224,24519158,24519158,,,,4224
4224,24519159,24519159,,,,4224
4225,24519164,24519164,,,,4225
4225,24519165,24519165,,,,4225
4225,24519167,24519167,,,,4225
4225,24519166,24519166,,,,4225
4226,24519187,24519187,,,,4226
4226,24519189,24519189,,,,4226
4226,24519191,24519191,,,,4226
4226,24519193,24519193,,,,4226
4226,24519194,24519194,,,,4226
4226,24519195,24519195,,,,4226
4226,24519188,24519188,,,,4226
4226,24519192,24519192,,,,4226
4226,24519190,24519190,,,,4226
4227,24519201,24519201,,,,4227
4227,24519203,24519203,,,,4227
4227,24519204,24519204,,,,4227
4227,24519205,24519205,,,,4227
4227,24519202,24519202,,,,4227
4228,24519244,24519244,,,,4228
4228,24519245,24519245,,,,4228
4229,24519248,24519248,,,,4229
4229,24519249,24519249,,,,4229
4230,24519252,24519252,,,,4230
4230,24519253,24519253,,,,4230
4231,24519255,24519255,,,,4231
4234,24519259,24519259,,,,4234
4234,24519260,24519260,,,,4234
4234,24519261,24519261,,,,4234
4235,24519266,24519266,,,,4235
4235,24519267,24519267,,,,4235
4235,24519268,24519268,,,,4235
4235,24519269,24519269,,,,4235
4237,24519286,24519286,,,,4237
4237,24519287,24519287,,,,4237
4237,24519288,24519288,,,,4237
4237,24519289,24519289,,,,4237
4237,24519290,24519290,,,,4237
4237,24519291,24519291,,,,4237
4237,24519292,24519292,,,,4237
4237,24519293,24519293,,,,4237
4237,24519294,24519294,,,,4237
4237,24519295,24519295,,,,4237
4237,24519296,24519296,,,,4237
4237,24519297,24519297,,,,4237
4237,24519298,24519298,,,,4237
4238,24519309,24519309,,,,4238
4238,24519310,24519310,,,,4238
4238,24519311,24519311,,,,4238
4238,24519312,24519312,,,,4238
4238,24519313,24519313,,,,4238
4238,24519314,24519314,,,,4238
4238,24519315,24519315,,,,4238
4238,24519316,24519316,,,,4238
4238,24519317,24519317,,,,4238
4238,24519318,24519318,,,,4238
4238,24519319,24519319,,,,4238
4239,24519358,24519358,,,,4239
4239,24519359,24519359,,,,4239
4239,24519360,24519360,,,,4239
4239,24519361,24519361,,,,4239
4239,24519362,24519362,,,,4239
4239,24519363,24519363,,,,4239
4239,24519364,24519364,,,,4239
4239,24519365,24519365,,,,4239
4239,24519366,24519366,,,,4239
4239,24519367,24519367,,,,4239
4239,24519368,24519368,,,,4239
4239,24519373,24519373,,,,4239
4239,24519374,24519374,,,,4239
4239,24519375,24519375,,,,4239
4239,24519376,24519376,,,,4239
4239,24519377,24519377,,,,4239
4239,24519378,24519378,,,,4239
4239,24519371,24519371,,,,4239
4239,24519369,24519369,,,,4239
4239,24519370,24519370,,,,4239
4239,24519372,24519372,,,,4239
4239,24519336,24519336,,,,4239
4239,24519337,24519337,,,,4239
4239,24519338,24519338,,,,4239
4239,24519339,24519339,,,,4239
4239,24519340,24519340,,,,4239
4239,24519341,24519341,,,,4239
4239,24519342,24519342,,,,4239
4239,24519343,24519343,,,,4239
4239,24519344,24519344,,,,4239
4239,24519345,24519345,,,,4239
4239,24519346,24519346,,,,4239
4240,24519405,24519405,,,,4240
4240,24519406,24519406,,,,4240
4240,24519407,24519407,,,,4240
4240,24519408,24519408,,,,4240
4240,24519409,24519409,,,,4240
4240,24519410,24519410,,,,4240
4240,24519411,24519411,,,,4240
4240,24519412,24519412,,,,4240
4240,24519413,24519413,,,,4240
4240,24519414,24519414,,,,4240
4240,24519415,24519415,,,,4240
4240,24519416,24519416,,,,4240
4240,24519417,24519417,,,,4240
4240,24519429,24519429,,,,4240
4240,24519430,24519430,,,,4240
4240,24519431,24519431,,,,4240
4240,24519432,24519432,,,,4240
4240,24519433,24519433,,,,4240
4240,24519418,24519418,,,,4240
4240,24519419,24519419,,,,4240
4240,24519420,24519420,,,,4240
4240,24519421,24519421,,,,4240
4240,24519422,24519422,,,,4240
4240,24519423,24519423,,,,4240
4240,24519424,24519424,,,,4240
4240,24519425,24519425,,,,4240
4240,24519426,24519426,,,,4240
4240,24519427,24519427,,,,4240
4240,24519428,24519428,,,,4240
4240,24519379,24519379,,,,4240
4240,24519380,24519380,,,,4240
4240,24519381,24519381,,,,4240
4240,24519382,24519382,,,,4240
4240,24519383,24519383,,,,4240
4240,24519384,24519384,,,,4240
4240,24519385,24519385,,,,4240
4240,24519386,24519386,,,,4240
4240,24519387,24519387,,,,4240
4240,24519388,24519388,,,,4240
4240,24519389,24519389,,,,4240
4240,24519390,24519390,,,,4240
4240,24519391,24519391,,,,4240
4241,24519440,24519440,,,,4241
4241,24519434,24519434,,,,4241
4241,24519441,24519441,,,,4241
4241,24519442,24519442,,,,4241
4241,24519435,24519435,,,,4241
4241,24519436,24519436,,,,4241
4242,24519449,24519449,,,,4242
4242,24519450,24519450,,,,4242
4242,24519443,24519443,,,,4242
4242,24519444,24519444,,,,4242
4242,24519451,24519451,,,,4242
4242,24519445,24519445,,,,4242
4243,24519511,24519511,,,,4243
4243,24519497,24519497,,,,4243
4243,24519512,24519512,,,,4243
4243,24519513,24519513,,,,4243
4243,24519514,24519514,,,,4243
4243,24519515,24519515,,,,4243
4243,24519516,24519516,,,,4243
4243,24519517,24519517,,,,4243
4243,24519518,24519518,,,,4243
4243,24519519,24519519,,,,4243
4243,24519520,24519520,,,,4243
4243,24519498,24519498,,,,4243
4243,24519499,24519499,,,,4243
4243,24519500,24519500,,,,4243
4243,24519501,24519501,,,,4243
4243,24519502,24519502,,,,4243
4243,24519503,24519503,,,,4243
4244,24519533,24519533,,,,4244
4244,24519534,24519534,,,,4244
4244,24519535,24519535,,,,4244
4244,24519536,24519536,,,,4244
4244,24519537,24519537,,,,4244
4244,24519538,24519538,,,,4244
4244,24519539,24519539,,,,4244
4244,24519521,24519521,,,,4244
4244,24519522,24519522,,,,4244
4244,24519523,24519523,,,,4244
4244,24519524,24519524,,,,4244
4244,24519525,24519525,,,,4244
4244,24519526,24519526,,,,4244
4245,24519558,24519558,,,,4245
4245,24519559,24519559,,,,4245
4245,24519560,24519560,,,,4245
4245,24519561,24519561,,,,4245
4245,24519562,24519562,,,,4245
4245,24519563,24519563,,,,4245
4245,24519546,24519546,,,,4245
4245,24519547,24519547,,,,4245
4245,24519548,24519548,,,,4245
4245,24519549,24519549,,,,4245
4245,24519550,24519550,,,,4245
4245,24519551,24519551,,,,4245
4246,24519574,24519574,,,,4246
4246,24519575,24519575,,,,4246
4246,24519576,24519576,,,,4246
4246,24519577,24519577,,,,4246
4246,24519578,24519578,,,,4246
4246,24519564,24519564,,,,4246
4246,24519565,24519565,,,,4246
4246,24519566,24519566,,,,4246
4246,24519567,24519567,,,,4246
4246,24519568,24519568,,,,4246
4247,24519616,24519616,,,,4247
4247,24519614,24519614,,,,4247
4248,24519619,24519619,,,,4248
4248,24519617,24519617,,,,4248
4249,24519644,24519644,,,,4249
4249,24519645,24519645,,,,4249
4249,24519646,24519646,,,,4249
4249,24519647,24519647,,,,4249
4249,24519648,24519648,,,,4249
4249,24519649,24519649,,,,4249
4249,24519650,24519650,,,,4249
4249,24519651,24519651,,,,4249
4249,24519652,24519652,,,,4249
4249,24519653,24519653,,,,4249
4249,24519654,24519654,,,,4249
4249,24519620,24519620,,,,4249
4249,24519621,24519621,,,,4249
4249,24519622,24519622,,,,4249
4249,24519623,24519623,,,,4249
4249,24519624,24519624,,,,4249
4249,24519625,24519625,,,,4249
4249,24519626,24519626,,,,4249
4249,24519627,24519627,,,,4249
4249,24519628,24519628,,,,4249
4249,24519629,24519629,,,,4249
4249,24519630,24519630,,,,4249
4249,24519655,24519655,,,,4249
4249,24519631,24519631,,,,4249
4250,24519662,24519662,,,,4250
4250,24519663,24519663,,,,4250
4250,24519660,24519660,,,,4250
4250,24519661,24519661,,,,4250
4251,24519668,24519668,,,,4251
4251,24519669,24519669,,,,4251
4251,24519670,24519670,,,,4251
4251,24519671,24519671,,,,4251
4252,24519705,24519705,,,,4252
4252,24519706,24519706,,,,4252
4252,24519707,24519707,,,,4252
4252,24519708,24519708,,,,4252
4253,24519712,24519712,,,,4253
4253,24519713,24519713,,,,4253
4253,24519714,24519714,,,,4253
4253,24519715,24519715,,,,4253
4253,24519716,24519716,,,,4253
4254,24519726,24519726,,,,4254
4254,24519727,24519727,,,,4254
4254,24519728,24519728,,,,4254
4254,24519729,24519729,,,,4254
4254,24519730,24519730,,,,4254
4254,24519731,24519731,,,,4254
4254,24519732,24519732,,,,4254
4254,24519733,24519733,,,,4254
4254,24519734,24519734,,,,4254
4254,24519737,24519737,,,,4254
4254,24519738,24519738,,,,4254
4254,24519735,24519735,,,,4254
4254,24519736,24519736,,,,4254
4255,24519744,24519744,,,,4255
4255,24519745,24519745,,,,4255
4255,24519746,24519746,,,,4255
4255,24519747,24519747,,,,4255
4255,24519748,24519748,,,,4255
4255,24519751,24519751,,,,4255
4255,24519749,24519749,,,,4255
4255,24519750,24519750,,,,4255
4258,24519774,24519774,,,,4258
4258,24519775,24519775,,,,4258
4258,24519776,24519776,,,,4258
4258,24519777,24519777,,,,4258
4258,24519778,24519778,,,,4258
4258,24519764,24519764,,,,4258
4258,24519765,24519765,,,,4258
4258,24519766,24519766,,,,4258
4258,24519767,24519767,,,,4258
4258,24519768,24519768,,,,4258
4259,24519789,24519789,,,,4259
4259,24519790,24519790,,,,4259
4259,24519791,24519791,,,,4259
4259,24519792,24519792,,,,4259
4259,24519779,24519779,,,,4259
4259,24519780,24519780,,,,4259
4259,24519781,24519781,,,,4259
4259,24519782,24519782,,,,4259
4259,24519793,24519793,,,,4259
4259,24519783,24519783,,,,4259
4262,24519808,24519808,,,,4262
4262,24519809,24519809,,,,4262
4262,24519810,24519810,,,,4262
4262,24519804,24519804,,,,4262
4262,24519805,24519805,,,,4262
4262,24519806,24519806,,,,4262
4262,24519807,24519807,,,,4262
4263,24519817,24519817,,,,4263
4263,24519818,24519818,,,,4263
4263,24519819,24519819,,,,4263
4263,24519820,24519820,,,,4263
4263,24519821,24519821,,,,4263
4263,24519816,24519816,,,,4263
4265,24519828,24519828,,,,4265
4265,24519831,24519831,,,,4265
4265,24519830,24519830,,,,4265
4265,24519826,24519826,,,,4265
4265,24519829,24519829,,,,4265
4266,24519836,24519836,,,,4266
4266,24519837,24519837,,,,4266
4266,24519839,24519839,,,,4266
4266,24519838,24519838,,,,4266
4266,24519832,24519832,,,,4266
4266,24519833,24519833,,,,4266
4270,24519856,24519856,,,,4270
4270,24519857,24519857,,,,4270
4270,24519858,24519858,,,,4270
4270,24519859,24519859,,,,4270
4270,24519860,24519860,,,,4270
4270,24519861,24519861,,,,4270
4270,24519862,24519862,,,,4270
4270,24519863,24519863,,,,4270
4271,24519864,24519864,,,,4271
4271,24519865,24519865,,,,4271
4271,24519866,24519866,,,,4271
4271,24519867,24519867,,,,4271
4271,24519868,24519868,,,,4271
4271,24519869,24519869,,,,4271
4271,24519870,24519870,,,,4271
7442,24517224,24517224,,,,7442
7442,24517225,24517225,,,,7442
7442,24517226,24517226,,,,7442
7442,24517227,24517227,,,,7442
7442,24517228,24517228,,,,7442
7442,24517229,24517229,,,,7442
7447,24517284,24517284,,,,7447
7447,24517285,24517285,,,,7447
7447,24517286,24517286,,,,7447
7447,24517289,24517289,,,,7447
7447,24517290,24517290,,,,7447
7447,24517291,24517291,,,,7447
7447,24517292,24517292,,,,7447
7447,24517287,24517287,,,,7447
7447,24517288,24517288,,,,7447
7448,24517293,24517293,,,,7448
7448,24517294,24517294,,,,7448
7448,24517297,24517297,,,,7448
7448,24517298,24517298,,,,7448
7448,24517299,24517299,,,,7448
7448,24517300,24517300,,,,7448
7448,24517301,24517301,,,,7448
7448,24517295,24517295,,,,7448
7448,24517296,24517296,,,,7448
7451,24518001,24518001,,,,7451
7451,24517993,24517993,,,,7451
7451,24518002,24518002,,,,7451
7451,24518011,24518011,,,,7451
7451,24518012,24518012,,,,7451
7451,24518006,24518006,,,,7451
7451,24518007,24518007,,,,7451
7451,24517994,24517994,,,,7451
7451,24518003,24518003,,,,7451
7451,24518004,24518004,,,,7451
7451,24518013,24518013,,,,7451
7451,24518014,24518014,,,,7451
7451,24518008,24518008,,,,7451
7451,24518009,24518009,,,,7451
7451,24517995,24517995,,,,7451
7451,24517996,24517996,,,,7451
7451,24518010,24518010,,,,7451
7451,24518005,24518005,,,,7451
7452,24518023,24518023,,,,7452
7452,24518015,24518015,,,,7452
7452,24518024,24518024,,,,7452
7452,24518031,24518031,,,,7452
7452,24518032,24518032,,,,7452
7452,24518033,24518033,,,,7452
7452,24518027,24518027,,,,7452
7452,24518028,24518028,,,,7452
7452,24518016,24518016,,,,7452
7452,24518025,24518025,,,,7452
7452,24518017,24518017,,,,7452
7452,24518026,24518026,,,,7452
7452,24518034,24518034,,,,7452
7452,24518035,24518035,,,,7452
7452,24518029,24518029,,,,7452
7452,24518030,24518030,,,,7452
7452,24518018,24518018,,,,7452
7453,24518665,24518665,,,,7453
7453,24518666,24518666,,,,7453
7453,24518667,24518667,,,,7453
7453,24518668,24518668,,,,7453
7453,24518669,24518669,,,,7453
7453,24518671,24518671,,,,7453
7453,24518673,24518673,,,,7453
7453,24518674,24518674,,,,7453
7453,24518655,24518655,,,,7453
7453,24518649,24518649,,,,7453
7453,24518650,24518650,,,,7453
7453,24518651,24518651,,,,7453
7453,24518652,24518652,,,,7453
7453,24518653,24518653,,,,7453
7453,24518672,24518672,,,,7453
7453,24518670,24518670,,,,7453
7453,24518656,24518656,,,,7453
7453,24518654,24518654,,,,7453
7462,24519871,24519871,,,,7462
7462,24519872,24519872,,,,7462
7462,24519873,24519873,,,,7462
7462,24519874,24519874,,,,7462
7462,24519875,24519875,,,,7462
7462,24519876,24519876,,,,7462
7462,24519877,24519877,,,,7462
7462,24519878,24519878,,,,7462
7462,24519879,24519879,,,,7462
7462,24519880,24519880,,,,7462
21335,24516846,24516846,,,,21335
21335,24516847,24516847,,,,21335
21335,24516848,24516848,,,,21335
21335,24516849,24516849,,,,21335
21335,24516850,24516850,,,,21335
21335,24516851,24516851,,,,21335
21335,24516852,24516852,,,,21335
21335,24516853,24516853,,,,21335
21336,24517033,24517033,,,,21336
21336,24517034,24517034,,,,21336
21336,24517035,24517035,,,,21336
21336,24517037,24517037,,,,21336
21336,24517036,24517036,,,,21336
21337,24517038,24517038,,,,21337
21337,24517039,24517039,,,,21337
21337,24517041,24517041,,,,21337
21337,24517040,24517040,,,,21337
21338,24517130,24517130,,,,21338
21338,24517131,24517131,,,,21338
21338,24517132,24517132,,,,21338
21338,24517133,24517133,,,,21338
21338,24517134,24517134,,,,21338
21338,24517135,24517135,,,,21338
21338,24517136,24517136,,,,21338
21338,24517137,24517137,,,,21338
21338,24517138,24517138,,,,21338
21339,24517139,24517139,,,,21339
21339,24517140,24517140,,,,21339
21339,24517141,24517141,,,,21339
21339,24517142,24517142,,,,21339
21339,24517143,24517143,,,,21339
21339,24517144,24517144,,,,21339
21339,24517145,24517145,,,,21339
21341,24517230,24517230,,,,21341
21341,24517231,24517231,,,,21341
21341,24517232,24517232,,,,21341
21342,24517233,24517233,,,,21342
21342,24517234,24517234,,,,21342
21342,24517235,24517235,,,,21342
21342,24517236,24517236,,,,21342
21342,24517237,24517237,,,,21342
21343,24517239,24517239,,,,21343
21343,24517240,24517240,,,,21343
21343,24517244,24517244,,,,21343
21343,24517245,24517245,,,,21343
21343,24517246,24517246,,,,21343
21343,24517247,24517247,,,,21343
21343,24517248,24517248,,,,21343
21343,24517249,24517249,,,,21343
21343,24517241,24517241,,,,21343
21343,24517242,24517242,,,,21343
21343,24517243,24517243,,,,21343
21344,24517250,24517250,,,,21344
21344,24517251,24517251,,,,21344
21344,24517254,24517254,,,,21344
21344,24517255,24517255,,,,21344
21344,24517256,24517256,,,,21344
21344,24517257,24517257,,,,21344
21344,24517258,24517258,,,,21344
21344,24517252,24517252,,,,21344
21344,24517253,24517253,,,,21344
21345,24517302,24517302,,,,21345
21346,24517303,24517303,,,,21346
21346,24517305,24517305,,,,21346
21346,24517304,24517304,,,,21346
21347,24517306,24517306,,,,21347
21347,24517308,24517308,,,,21347
21347,24517307,24517307,,,,21347
21349,24517572,24517572,,,,21349
21349,24517573,24517573,,,,21349
21349,24517574,24517574,,,,21349
21349,24517575,24517575,,,,21349
21349,24517576,24517576,,,,21349
21349,24517577,24517577,,,,21349
21349,24517560,24517560,,,,21349
21349,24517561,24517561,,,,21349
21349,24517562,24517562,,,,21349
21349,24517563,24517563,,,,21349
21349,24517564,24517564,,,,21349
21349,24517565,24517565,,,,21349
21350,24519885,24519885,,,,21350
21350,24519881,24519881,,,,21350
21350,24519886,24519886,,,,21350
21350,24519887,24519887,,,,21350
21350,24519882,24519882,,,,21350
21351,24519890,24519890,,,,21351
21351,24519888,24519888,,,,21351
21352,24519893,24519893,,,,21352
21352,24519891,24519891,,,,21352
21353,24519900,24519900,,,,21353
21353,24519908,24519908,,,,21353
21353,24519904,24519904,,,,21353
21353,24519894,24519894,,,,21353
21353,24519901,24519901,,,,21353
21353,24519909,24519909,,,,21353
21353,24519907,24519907,,,,21353
21353,24519905,24519905,,,,21353
21353,24519903,24519903,,,,21353
21353,24519895,24519895,,,,21353
21353,24519902,24519902,,,,21353
21353,24519910,24519910,,,,21353
21353,24519906,24519906,,,,21353
21353,24519896,24519896,,,,21353
21359,24518683,24518683,,,,21359
21359,24518684,24518684,,,,21359
21359,24518685,24518685,,,,21359
21359,24518675,24518675,,,,21359
21359,24518676,24518676,,,,21359
21359,24518677,24518677,,,,21359
21359,24518686,24518686,,,,21359
21359,24518678,24518678,,,,21359
21361,24518966,24518966,,,,21361
21365,24519076,24519076,,,,21365
21365,24519077,24519077,,,,21365
21366,24519207,24519207,,,,21366
21369,24519212,24519212,,,,21369
21369,24519213,24519213,,,,21369
21369,24519214,24519214,,,,21369
21369,24519215,24519215,,,,21369
21372,24519323,24519323,,,,21372
21372,24519324,24519324,,,,21372
21372,24519325,24519325,,,,21372
21373,24519331,24519331,,,,21373
21373,24519332,24519332,,,,21373
21373,24519333,24519333,,,,21373
21373,24519334,24519334,,,,21373
21373,24519335,24519335,,,,21373
21374,24519454,24519454,,,,21374
21374,24519452,24519452,,,,21374
21375,24519459,24519459,,,,21375
21375,24519455,24519455,,,,21375
21375,24519460,24519460,,,,21375
21375,24519456,24519456,,,,21375
21376,24519542,24519542,,,,21376
21376,24519540,24519540,,,,21376
21377,24519545,24519545,,,,21377
21377,24519543,24519543,,,,21377
21382,24519759,24519759,,,,21382
21382,24519757,24519757,,,,21382
21382,24519758,24519758,,,,21382
21382,24519761,24519761,,,,21382
21382,24519760,24519760,,,,21382
21382,24519762,24519762,,,,21382
21382,24519763,24519763,,,,21382
21384,24519796,24519796,,,,21384
21384,24519794,24519794,,,,21384
21388,24519822,24519822,,,,21388
21388,24519823,24519823,,,,21388
21483,24516837,24516837,,,,21483
21483,24516838,24516838,,,,21483
21483,24516839,24516839,,,,21483
21483,24516840,24516840,,,,21483
21483,24516841,24516841,,,,21483
21483,24516842,24516842,,,,21483
21483,24516843,24516843,,,,21483
21483,24516844,24516844,,,,21483
21483,24516845,24516845,,,,21483
21484,24517259,24517259,,,,21484
21484,24517267,24517267,,,,21484
21484,24517268,24517268,,,,21484
21484,24517269,24517269,,,,21484
21484,24517270,24517270,,,,21484
21484,24517271,24517271,,,,21484
21484,24517260,24517260,,,,21484
21484,24517261,24517261,,,,21484
21484,24517262,24517262,,,,21484
21484,24517263,24517263,,,,21484
21484,24517264,24517264,,,,21484
21484,24517265,24517265,,,,21484
21484,24517266,24517266,,,,21484
21485,24517272,24517272,,,,21485
21485,24517279,24517279,,,,21485
21485,24517280,24517280,,,,21485
21485,24517281,24517281,,,,21485
21485,24517282,24517282,,,,21485
21485,24517283,24517283,,,,21485
21485,24517273,24517273,,,,21485
21485,24517274,24517274,,,,21485
21485,24517275,24517275,,,,21485
21485,24517276,24517276,,,,21485
21485,24517277,24517277,,,,21485
21485,24517278,24517278,,,,21485
21486,24519911,24519911,,,,21486
21486,24519912,24519912,,,,21486
21486,24519913,24519913,,,,21486
21486,24519917,24519917,,,,21486
21486,24519918,24519918,,,,21486
21486,24519914,24519914,,,,21486
21486,24519915,24519915,,,,21486
21486,24519916,24519916,,,,21486
21487,24519919,24519919,,,,21487
21487,24519920,24519920,,,,21487
21487,24519922,24519922,,,,21487
21487,24519925,24519925,,,,21487
21487,24519926,24519926,,,,21487
21487,24519923,24519923,,,,21487
21487,24519924,24519924,,,,21487
21487,24519921,24519921,,,,21487
21488,24519927,24519927,,,,21488
21488,24519928,24519928,,,,21488
21488,24519929,24519929,,,,21488
21488,24519930,24519930,,,,21488
21488,24519931,24519931,,,,21488
21489,24519932,24519932,,,,21489
21489,24519933,24519933,,,,21489
21489,24519937,24519937,,,,21489
21489,24519935,24519935,,,,21489
21489,24519936,24519936,,,,21489
21489,24519938,24519938,,,,21489
21489,24519934,24519934,,,,21489
21490,24519939,24519939,,,,21490
21490,24519940,24519940,,,,21490
21490,24519947,24519947,,,,21490
21490,24519948,24519948,,,,21490
21490,24519949,24519949,,,,21490
21490,24519950,24519950,,,,21490
21490,24519951,24519951,,,,21490
21490,24519941,24519941,,,,21490
21490,24519942,24519942,,,,21490
21490,24519943,24519943,,,,21490
21490,24519944,24519944,,,,21490
21490,24519945,24519945,,,,21490
21490,24519946,24519946,,,,21490
21490,24519952,24519952,,,,21490
21491,24519953,24519953,,,,21491
21491,24519954,24519954,,,,21491
21491,24519963,24519963,,,,21491
21491,24519964,24519964,,,,21491
21491,24519965,24519965,,,,21491
21491,24519966,24519966,,,,21491
21491,24519967,24519967,,,,21491
21491,24519955,24519955,,,,21491
21491,24519956,24519956,,,,21491
21491,24519957,24519957,,,,21491
21491,24519958,24519958,,,,21491
21491,24519959,24519959,,,,21491
21491,24519960,24519960,,,,21491
21491,24519961,24519961,,,,21491
21491,24519962,24519962,,,,21491
21491,24519968,24519968,,,,21491
21492,24519969,24519969,,,,21492
21492,24519970,24519970,,,,21492
21493,24519971,24519971,,,,21493
21493,24519972,24519972,,,,21493
21494,24519973,24519973,,,,21494
21494,24519975,24519975,,,,21494
21494,24519976,24519976,,,,21494
21494,24519985,24519985,,,,21494
21494,24519986,24519986,,,,21494
21494,24519987,24519987,,,,21494
21494,24519979,24519979,,,,21494
21494,24519980,24519980,,,,21494
21494,24519981,24519981,,,,21494
21494,24519977,24519977,,,,21494
21494,24519974,24519974,,,,21494
21494,24519988,24519988,,,,21494
21494,24519982,24519982,,,,21494
21494,24519983,24519983,,,,21494
21494,24519978,24519978,,,,21494
21494,24519984,24519984,,,,21494
21495,24520010,24520010,,,,21495
21495,24520011,24520011,,,,21495
21496,24520012,24520012,,,,21496
21496,24520013,24520013,,,,21496
21497,24520146,24520146,,,,21497
21497,24520149,24520149,,,,21497
21497,24520147,24520147,,,,21497
21497,24520148,24520148,,,,21497
21497,24520150,24520150,,,,21497
21497,24520151,24520151,,,,21497
21497,24520155,24520155,,,,21497
21497,24520156,24520156,,,,21497
21497,24520157,24520157,,,,21497
21497,24520158,24520158,,,,21497
21497,24520160,24520160,,,,21497
21497,24520154,24520154,,,,21497
21497,24520152,24520152,,,,21497
21497,24520153,24520153,,,,21497
21497,24520159,24520159,,,,21497
21498,24520161,24520161,,,,21498
21498,24520162,24520162,,,,21498
21498,24520163,24520163,,,,21498
21498,24520167,24520167,,,,21498
21498,24520168,24520168,,,,21498
21498,24520170,24520170,,,,21498
21498,24520169,24520169,,,,21498
21498,24520164,24520164,,,,21498
21498,24520165,24520165,,,,21498
21498,24520166,24520166,,,,21498
21540,24517653,24517653,,,,21540
21540,24517654,24517654,,,,21540
21540,24517655,24517655,,,,21540
21540,24517650,24517650,,,,21540
21540,24517651,24517651,,,,21540
21540,24517652,24517652,,,,21540
21541,24517659,24517659,,,,21541
21541,24517660,24517660,,,,21541
21541,24517661,24517661,,,,21541
21541,24517662,24517662,,,,21541
21541,24517656,24517656,,,,21541
21541,24517657,24517657,,,,21541
21541,24517658,24517658,,,,21541
21544,24519078,24519078,,,,21544
21544,24519082,24519082,,,,21544
21544,24519088,24519088,,,,21544
21544,24519090,24519090,,,,21544
21544,24519096,24519096,,,,21544
21544,24519092,24519092,,,,21544
21544,24519093,24519093,,,,21544
21544,24519095,24519095,,,,21544
21544,24519097,24519097,,,,21544
21544,24519091,24519091,,,,21544
21544,24519089,24519089,,,,21544
21544,24519085,24519085,,,,21544
21544,24519081,24519081,,,,21544
21544,24519087,24519087,,,,21544
21544,24519083,24519083,,,,21544
21544,24519079,24519079,,,,21544
21544,24519080,24519080,,,,21544
21544,24519084,24519084,,,,21544
21544,24519086,24519086,,,,21544
21544,24519098,24519098,,,,21544
21544,24519094,24519094,,,,21544
21544,24519099,24519099,,,,21544
21544,24519107,24519107,,,,21544
21544,24519103,24519103,,,,21544
21544,24519104,24519104,,,,21544
21544,24519106,24519106,,,,21544
21544,24519108,24519108,,,,21544
21544,24519100,24519100,,,,21544
21544,24519102,24519102,,,,21544
21544,24519101,24519101,,,,21544
21544,24519109,24519109,,,,21544
21544,24519105,24519105,,,,21544
21545,24519112,24519112,,,,21545
21545,24519110,24519110,,,,21545
21545,24519116,24519116,,,,21545
21545,24519120,24519120,,,,21545
21545,24519124,24519124,,,,21545
21545,24519128,24519128,,,,21545
21545,24519129,24519129,,,,21545
21545,24519125,24519125,,,,21545
21545,24519123,24519123,,,,21545
21545,24519127,24519127,,,,21545
21545,24519121,24519121,,,,21545
21545,24519115,24519115,,,,21545
21545,24519119,24519119,,,,21545
21545,24519117,24519117,,,,21545
21545,24519113,24519113,,,,21545
21545,24519111,24519111,,,,21545
21545,24519114,24519114,,,,21545
21545,24519118,24519118,,,,21545
21545,24519122,24519122,,,,21545
21545,24519126,24519126,,,,21545
21545,24519130,24519130,,,,21545
21545,24519134,24519134,,,,21545
21545,24519136,24519136,,,,21545
21545,24519138,24519138,,,,21545
21545,24519139,24519139,,,,21545
21545,24519137,24519137,,,,21545
21545,24519135,24519135,,,,21545
21545,24519141,24519141,,,,21545
21545,24519133,24519133,,,,21545
21545,24519131,24519131,,,,21545
21545,24519132,24519132,,,,21545
21545,24519140,24519140,,,,21545
21546,24519149,24519149,,,,21546
21546,24519146,24519146,,,,21546
21546,24519147,24519147,,,,21546
21546,24519148,24519148,,,,21546
21547,24519151,24519151,,,,21547
21547,24519152,24519152,,,,21547
21547,24519153,24519153,,,,21547
21548,24519219,24519219,,,,21548
21548,24519220,24519220,,,,21548
21548,24519221,24519221,,,,21548
21549,24519223,24519223,,,,21549
21550,24519227,24519227,,,,21550
21550,24519228,24519228,,,,21550
21550,24519229,24519229,,,,21550
21550,24519224,24519224,,,,21550
21550,24519225,24519225,,,,21550
21550,24519226,24519226,,,,21550
21551,24519233,24519233,,,,21551
21551,24519234,24519234,,,,21551
21551,24519235,24519235,,,,21551
21551,24519230,24519230,,,,21551
21551,24519231,24519231,,,,21551
21551,24519232,24519232,,,,21551
21552,24519237,24519237,,,,21552
21553,24519240,24519240,,,,21553
21553,24519241,24519241,,,,21553
21554,24519586,24519586,,,,21554
21554,24519588,24519588,,,,21554
21554,24519590,24519590,,,,21554
21554,24519594,24519594,,,,21554
21554,24519592,24519592,,,,21554
21554,24519583,24519583,,,,21554
21554,24519581,24519581,,,,21554
21554,24519579,24519579,,,,21554
21554,24519587,24519587,,,,21554
21554,24519593,24519593,,,,21554
21554,24519595,24519595,,,,21554
21554,24519591,24519591,,,,21554
21554,24519589,24519589,,,,21554
21554,24519585,24519585,,,,21554
21554,24519584,24519584,,,,21554
21554,24519582,24519582,,,,21554
21554,24519580,24519580,,,,21554
21555,24519602,24519602,,,,21555
21555,24519612,24519612,,,,21555
21555,24519604,24519604,,,,21555
21555,24519606,24519606,,,,21555
21555,24519608,24519608,,,,21555
21555,24519610,24519610,,,,21555
21555,24519600,24519600,,,,21555
21555,24519598,24519598,,,,21555
21555,24519596,24519596,,,,21555
21555,24519603,24519603,,,,21555
21555,24519611,24519611,,,,21555
21555,24519609,24519609,,,,21555
21555,24519607,24519607,,,,21555
21555,24519605,24519605,,,,21555
21555,24519613,24519613,,,,21555
21555,24519601,24519601,,,,21555
21555,24519599,24519599,,,,21555
21555,24519597,24519597,,,,21555
21594,24519171,24519171,,,,21594
21594,24519172,24519172,,,,21594
21594,24519173,24519173,,,,21594
21595,24519176,24519176,,,,21595
21595,24519177,24519177,,,,21595
21598,24519824,24519824,,,,21598
21598,24519825,24519825,,,,21598
21603,24519989,24519989,,,,21603
21603,24519991,24519991,,,,21603
21603,24519995,24519995,,,,21603
21603,24520008,24520008,,,,21603
21603,24520004,24520004,,,,21603
21603,24520005,24520005,,,,21603
21603,24520006,24520006,,,,21603
21603,24520007,24520007,,,,21603
21603,24519998,24519998,,,,21603
21603,24520000,24520000,,,,21603
21603,24520001,24520001,,,,21603
21603,24519993,24519993,,,,21603
21603,24519990,24519990,,,,21603
21603,24520003,24520003,,,,21603
21603,24519997,24519997,,,,21603
21603,24519996,24519996,,,,21603
21603,24519994,24519994,,,,21603
21603,24519992,24519992,,,,21603
21603,24520009,24520009,,,,21603
21603,24520002,24520002,,,,21603
21603,24519999,24519999,,,,21603
21633,24519678,24519678,,,,21633
21633,24519679,24519679,,,,21633
21633,24519680,24519680,,,,21633
21633,24519681,24519681,,,,21633
21633,24519682,24519682,,,,21633
21633,24519683,24519683,,,,21633
21634,24519691,24519691,,,,21634
21634,24519692,24519692,,,,21634
21634,24519693,24519693,,,,21634
21634,24519694,24519694,,,,21634
21634,24519695,24519695,,,,21634
21634,24519696,24519696,,,,21634
21634,24519697,24519697,,,,21634
21674,24516946,24516946,,,,21674
21674,24516941,24516941,,,,21674
21674,24516943,24516943,,,,21674
21674,24516950,24516950,,,,21674
21674,24516932,24516932,,,,21674
21674,24516939,24516939,,,,21674
21674,24516930,24516930,,,,21674
21674,24516935,24516935,,,,21674
21674,24516944,24516944,,,,21674
21674,24516945,24516945,,,,21674
21674,24516942,24516942,,,,21674
21674,24516947,24516947,,,,21674
21674,24516948,24516948,,,,21674
21674,24516951,24516951,,,,21674
21674,24516949,24516949,,,,21674
21674,24516940,24516940,,,,21674
21674,24516933,24516933,,,,21674
21674,24516934,24516934,,,,21674
21674,24516936,24516936,,,,21674
21674,24516937,24516937,,,,21674
21674,24516938,24516938,,,,21674
21674,24516931,24516931,,,,21674
21675,24516962,24516962,,,,21675
21675,24516970,24516970,,,,21675
21675,24516964,24516964,,,,21675
21675,24516966,24516966,,,,21675
21675,24516967,24516967,,,,21675
21675,24516968,24516968,,,,21675
21675,24516960,24516960,,,,21675
21675,24516956,24516956,,,,21675
21675,24516957,24516957,,,,21675
21675,24516958,24516958,,,,21675
21675,24516954,24516954,,,,21675
21675,24516952,24516952,,,,21675
21675,24516963,24516963,,,,21675
21675,24516971,24516971,,,,21675
21675,24516969,24516969,,,,21675
21675,24516965,24516965,,,,21675
21675,24516961,24516961,,,,21675
21675,24516959,24516959,,,,21675
21675,24516953,24516953,,,,21675
21675,24516955,24516955,,,,21675
21676,24519471,24519471,,,,21676
21676,24519472,24519472,,,,21676
21676,24519469,24519469,,,,21676
21676,24519470,24519470,,,,21676
21676,24519461,24519461,,,,21676
21676,24519462,24519462,,,,21676
21676,24519463,24519463,,,,21676
21676,24519464,24519464,,,,21676
21677,24519479,24519479,,,,21677
21677,24519480,24519480,,,,21677
21677,24519481,24519481,,,,21677
21677,24519473,24519473,,,,21677
21677,24519474,24519474,,,,21677
21677,24519475,24519475,,,,21677
21678,24519486,24519486,,,,21678
21678,24519487,24519487,,,,21678
21678,24519482,24519482,,,,21678
21678,24519483,24519483,,,,21678
21679,24519494,24519494,,,,21679
21679,24519495,24519495,,,,21679
21679,24519496,24519496,,,,21679
21679,24519488,24519488,,,,21679
21679,24519489,24519489,,,,21679
21679,24519490,24519490,,,,21679
21974,24518947,24518947,,,,21974
21974,24518948,24518948,,,,21974
21974,24518952,24518952,,,,21974
21974,24518953,24518953,,,,21974
21974,24518954,24518954,,,,21974
21974,24518949,24518949,,,,21974
21974,24518950,24518950,,,,21974
21974,24518951,24518951,,,,21974
21975,24518958,24518958,,,,21975
21975,24518959,24518959,,,,21975
21975,24518960,24518960,,,,21975
21975,24518963,24518963,,,,21975
21975,24518964,24518964,,,,21975
21975,24518961,24518961,,,,21975
21975,24518962,24518962,,,,21975
21976,24519845,24519845,,,,21976
21976,24519844,24519844,,,,21976
21976,24519847,24519847,,,,21976
21976,24519846,24519846,,,,21976
21976,24519840,24519840,,,,21976
21976,24519841,24519841,,,,21976
21977,24519852,24519852,,,,21977
21977,24519853,24519853,,,,21977
21977,24519855,24519855,,,,21977
21977,24519854,24519854,,,,21977
21977,24519848,24519848,,,,21977
21977,24519849,24519849,,,,21977
21980,24516972,24516972,,,,21980
21980,24516973,24516973,,,,21980
21980,24516974,24516974,,,,21980
21980,24516975,24516975,,,,21980
21981,24516976,24516976,,,,21981
21981,24516977,24516977,,,,21981
21981,24516978,24516978,,,,21981
21982,24520074,24520074,,,,21982
21982,24520076,24520076,,,,21982
21982,24520078,24520078,,,,21982
21982,24520058,24520058,,,,21982
21982,24520060,24520060,,,,21982
21982,24520062,24520062,,,,21982
21982,24520064,24520064,,,,21982
21982,24520066,24520066,,,,21982
21982,24520068,24520068,,,,21982
21982,24520070,24520070,,,,21982
21982,24520072,24520072,,,,21982
21982,24520048,24520048,,,,21982
21982,24520050,24520050,,,,21982
21982,24520052,24520052,,,,21982
21982,24520054,24520054,,,,21982
21982,24520056,24520056,,,,21982
21982,24520046,24520046,,,,21982
21982,24520042,24520042,,,,21982
21982,24520044,24520044,,,,21982
21982,24520040,24520040,,,,21982
21982,24520034,24520034,,,,21982
21982,24520036,24520036,,,,21982
21982,24520026,24520026,,,,21982
21982,24520028,24520028,,,,21982
21982,24520030,24520030,,,,21982
21982,24520032,24520032,,,,21982
21982,24520024,24520024,,,,21982
21982,24520018,24520018,,,,21982
21982,24520020,24520020,,,,21982
21982,24520022,24520022,,,,21982
21982,24520014,24520014,,,,21982
21982,24520016,24520016,,,,21982
21982,24520047,24520047,,,,21982
21982,24520049,24520049,,,,21982
21982,24520057,24520057,,,,21982
21982,24520055,24520055,,,,21982
21982,24520053,24520053,,,,21982
21982,24520051,24520051,,,,21982
21982,24520073,24520073,,,,21982
21982,24520071,24520071,,,,21982
21982,24520069,24520069,,,,21982
21982,24520067,24520067,,,,21982
21982,24520065,24520065,,,,21982
21982,24520063,24520063,,,,21982
21982,24520061,24520061,,,,21982
21982,24520059,24520059,,,,21982
21982,24520079,24520079,,,,21982
21982,24520077,24520077,,,,21982
21982,24520075,24520075,,,,21982
21982,24520045,24520045,,,,21982
21982,24520043,24520043,,,,21982
21982,24520033,24520033,,,,21982
21982,24520031,24520031,,,,21982
21982,24520029,24520029,,,,21982
21982,24520027,24520027,,,,21982
21982,24520037,24520037,,,,21982
21982,24520035,24520035,,,,21982
21982,24520041,24520041,,,,21982
21982,24520039,24520039,,,,21982
21982,24520025,24520025,,,,21982
21982,24520023,24520023,,,,21982
21982,24520021,24520021,,,,21982
21982,24520017,24520017,,,,21982
21982,24520019,24520019,,,,21982
21982,24520015,24520015,,,,21982
21982,24520038,24520038,,,,21982
21983,24520131,24520131,,,,21983
21983,24520133,24520133,,,,21983
21983,24520135,24520135,,,,21983
21983,24520125,24520125,,,,21983
21983,24520127,24520127,,,,21983
21983,24520123,24520123,,,,21983
21983,24520121,24520121,,,,21983
21983,24520117,24520117,,,,21983
21983,24520119,24520119,,,,21983
21983,24520113,24520113,,,,21983
21983,24520115,24520115,,,,21983
21983,24520129,24520129,,,,21983
21983,24520141,24520141,,,,21983
21983,24520137,24520137,,,,21983
21983,24520139,24520139,,,,21983
21983,24520080,24520080,,,,21983
21983,24520082,24520082,,,,21983
21983,24520086,24520086,,,,21983
21983,24520084,24520084,,,,21983
21983,24520092,24520092,,,,21983
21983,24520088,24520088,,,,21983
21983,24520090,24520090,,,,21983
21983,24520102,24520102,,,,21983
21983,24520098,24520098,,,,21983
21983,24520100,24520100,,,,21983
21983,24520094,24520094,,,,21983
21983,24520096,24520096,,,,21983
21983,24520106,24520106,,,,21983
21983,24520104,24520104,,,,21983
21983,24520108,24520108,,,,21983
21983,24520144,24520144,,,,21983
21983,24520140,24520140,,,,21983
21983,24520138,24520138,,,,21983
21983,24520142,24520142,,,,21983
21983,24520116,24520116,,,,21983
21983,24520114,24520114,,,,21983
21983,24520112,24520112,,,,21983
21983,24520120,24520120,,,,21983
21983,24520118,24520118,,,,21983
21983,24520122,24520122,,,,21983
21983,24520128,24520128,,,,21983
21983,24520126,24520126,,,,21983
21983,24520124,24520124,,,,21983
21983,24520136,24520136,,,,21983
21983,24520134,24520134,,,,21983
21983,24520132,24520132,,,,21983
21983,24520130,24520130,,,,21983
21983,24520111,24520111,,,,21983
21983,24520091,24520091,,,,21983
21983,24520089,24520089,,,,21983
21983,24520093,24520093,,,,21983
21983,24520087,24520087,,,,21983
21983,24520083,24520083,,,,21983
21983,24520085,24520085,,,,21983
21983,24520081,24520081,,,,21983
21983,24520097,24520097,,,,21983
21983,24520095,24520095,,,,21983
21983,24520101,24520101,,,,21983
21983,24520099,24520099,,,,21983
21983,24520103,24520103,,,,21983
21983,24520107,24520107,,,,21983
21983,24520109,24520109,,,,21983
21983,24520105,24520105,,,,21983
21983,24520143,24520143,,,,21983
21983,24520145,24520145,,,,21983
21983,24520110,24520110,,,,21983
22041,24517309,24517309,,,,22041
22041,24517310,24517310,,,,22041
22041,24517311,24517311,,,,22041
22041,24517312,24517312,,,,22041
22041,24517313,24517313,,,,22041
22041,24517314,24517314,,,,22041
22042,24519699,24519699,,,,22042
22043,24519701,24519701,,,,22043
22047,24519271,24519271,,,,22047
22048,24519273,24519273,,,,22048
22132,24517315,24517315,,,,22132
50514,24516906,24516906,,,,50514
